6,31,31,45,2,16,43,33,3,33,22,18,38,50,33,29,58,8,4,4,42,51,15,33,15,38,38,31,16,35,11,21,13,43,14,29,34,30,15,40,50,32,28,35,10,61,57,59,17,41,22,32,0,28,6,41,34,5,1,3,43,56,43,16,32,14,9,22,4,24,24,3,20,47,61,42,33,3,27,6,20,39,21,28,28,13,63,30,16,1,24,30,14,1,0,28,40,46,45,0,58,61,19,26,9,24,42,12,12,7,17,33,38,10,49,10,57,30,60,19,54,14,37,11,1,33,9,59,21,21,46,37,31,52,16,61,3,21,12,54,40,17,12,5,16,46,15,50,5,32,1,5,22,49,52,52,9,0,39,1,2,8,40,26,12,60,1,35,18,48,30,17,2,63,46,42,12,23,44,24,35,13,56,24,19,43,22,17,3,58,44,43,21,32,40,61,3,35,1,59,56,37,4,25,14,59,39,41,1,9,31,34,32,20,28,1,9,1,43,53,27,12,55,10,18,57,62,14,41,14,43,8,48,45,11,6,31,27,12,33,15,43,50,6,12,39,17,9,46,22,25,34,17,61,17,14,42,25,12,31,33,56,60,0,1,16,44,62,0,55,33,10,4,9,59,20,5,37,17,44,49,40,40,8,61,59,30,21,11,54,3,16,10,37,39,38,16,6,6,25,17,25,16,3,0,23,1,60,51,33,48,38,38,40,21,59,33,56,3,23,24,37,5,63,53,41,49,54,25,29,38,26,0,48,17,13,23,3,9,38,38,31,18,35,18,12,20,47,40,22,7,2,17,8,41,6,19,5,37,3,8,35,9,3,15,25,39,19,17,16,24,8,12,47,33,50,5,40,33,63,17,28,42,24,63,1,48,56,38,26,18,1,10,52,59,11,26,33,1,20,14,34,37,20,4,19,37,42,6,9,39,8,33,36,34,63,40,8,14,45,4,19,7,30,51,62,51,62,24,37,26,56,9,20,8,62,20,45,4,29,32,56,35,30,59,40,4,35,30,5,40,18,28,14,53,1,4,42,27,31,31,45,9,45,47,59,6,35,42,58,39,9,48,50,24,17,4,41,0,0,57,0,61,48,1,56,27,7,33,3,36,5,7,48,4,11,35,58,59,18,20,36,42,3,38,0,55,14,4,63,32,15,18,31,20,50,26,23,38,59,25,50,19,0,41,56,57,4,7,58,12,44,50,37,34,30,0,14,49,45,26,19,25,33,25,8,0,5,30,25,45,7,14,37,26,42,4,24,8,17,60,29,1,0,23,16,51,35,37,5,2,1,11,52,41,52,59,34,49,18,32,39,39,21,24,39,24,2,21,29,24,0,6,0,1,35,45,47,58,43,46,28,40,3,24,40,46,26,14,55,50,46,57,0,61,7,41,23,48,24,35,49,23,45,29,53,43,2,23,6,20,61,40,50,42,51,32,1,42,56,19,37,13,28,18,12,30,28,29,20,18,4,18,39,3,14,36,38,40,15,50,6,58,40,8,17,52,24,36,3,51,17,36,39,24,21,19,5,8,0,8,14,11,50,36,36,24,6,58,39,35,3,47,3,46,54,51,9,46,18,37,24,52,37,20,47,16,19,19,43,28,50,35,30,2,56,17,61,0,31,2,37,31,40,26,7,25,28,40,8,41,59,3,4,21,13,9,22,13,41,47,27,24,14,0,0,1,22,14,24,23,35,55,0,13,3,1,60,44,11,5,63,58,3,24,21,47,47,52,11,22,33,44,42,63,9,24,8,6,34,29,43,3,44,37,51,47,60,27,52,31,36,12,3,60,45,17,10,15,19,20,43,11,27,11,51,49,39,33,12,22,4,10,16,49,23,1,24,49,46,59,2,20,5,5,24,55,10,47,36,51,35,15,25,21,26,30,40,23,17,50,11,21,62,15,0,36,7,32,35,35,25,52,11,5,49,52,28,46,11,14,4,24,27,57,28,21,12,58,43,61,33,14,42,53,3,51,12,55,11,30,61,40,28,29,15,50,25,13,18,9,6,1,35,37,53,38,61,2,47,61,40,12,18,24,59,47,56,38,8,0,50,27,47,51,53,50,48,4,61,7,57,43,29,50,28,35,11,15,27,60,58,17,49,51,42,4,32,17,54,7,12,45,39,30,1,63,52,35,17,18,45,6,54,39,11,23,12,17,12,26,4,41,5,63,22,9,34,45,40,20,41,17,8,6,38,29,52,54,31,37,63,2,20,2,56,48,40,21,14,30,37,28,15,54,38,1,37,25,21,45,37,17,35,17,23,4,13,55,36,54,1,27,4,55,5,14,8,9,9,12,23,45,22,7,52,51,17,28,55,15,1,5,34,42,22,27,14,57,22,7,49,18,33,25,43,16,53,31,8,50,9,14,58,41,52,1,0,53,44,49,26,35,39,8,43,46,50,40,41,38,7,53,37,42,15,36,50,25,5,26,31,56,58,28,16,63,5,27,37,50,16,32,16,8,2,43,10,28,14,43,18,40,17,14,21,4,59,4,39,50,3,3,30,29,26,27,7,20,26,14,14,7,3,22,62,17,9,14,58,22,18,5,39,5,10,52,35,55,34,34,8,28,59,4,48,60,9,17,32,39,20,6,2,34,36,35,48,9,59,34,5,11,31,25,1,14,45,61,7,63,43,55,27,61,5,18,1,61,38,43,12,24,26,38,0,25,14,46,57,1,1,53,0,47,0,4,20,27,43,49,42,19,61,12,37,41,53,45,50,44,32,46,5,33,20,8,52,3,1,0,28,11,35,37,37,21,3,36,50,18,4,57,11,54,23,0,21,18,4,63,32,54,13,27,24,41,55,37,12,15,45,54,34,59,37,12,14,29,19,44,20,4,63,49,61,37,28,15,59,15,55,62,28,35,32,12,38,35,13,24,44,1,24,59,5,24,58,21,17,17,41,7,6,1,17,26,1,50,1,1,14,8,34,11,4,4,25,31,14,12,50,51,37,6,33,20,1,61,42,35,16,45,52,48,56,58,12,6,5,14,63,12,33,30,8,1,32,35,11,13,18,21,55,57,9,19,24,7,53,36,3,2,27,46,50,13,20,56,7,3,21,3,57,1,1,44,23,60,16,4,50,14,60,11,32,4,21,2,44,37,48,2,17,9,50,49,38,34,22,26,19,38,7,59,56,15,51,12,7,46,2,0,56,47,11,13,1,49,10,46,61,17,17,16,12,3,3,46,58,14,49,53,8,14,36,50,33,1,11,15,50,2,61,30,35,33,11,19,39,31,49,53,1,44,24,8,29,18,0,53,43,40,16,12,30,20,57,16,6,22,49,50,46,54,45,25,7,36,14,37,35,42,13,33,14,27,54,28,1,54,63,23,6,31,37,26,33,16,20,18,32,15,28,9,39,34,13,1,43,16,11,49,1,41,7,8,6,4,41,10,60,10,12,27,23,32,3,57,24,12,30,46,53,9,21,8,24,0,17,46,27,20,20,28,38,37,9,3,52,60,3,8,7,61,60,0,18,4,3,20,51,37,2,59,35,24,17,30,4,2,0,9,26,39,23,37,23,17,53,38,8,41,44,59,39,48,31,32,16,58,60,4,4,7,38,16,16,37,53,14,29,14,40,26,51,39,0,27,13,7,52,55,51,35,25,3,23,23,29,12,42,18,34,4,39,31,0,24,58,9,38,23,63,40,62,28,55,57,18,18,4,33,0,14,29,18,23,11,32,12,54,23,16,47,2,26,20,10,28,21,11,59,35,45,50,40,6,33,11,44,20,21,2,19,15,51,37,35,60,56,57,5,5,11,52,35,19,31,50,6,12,0,12,15,7,6,26,35,52,14,17,43,45,42,4,49,3,26,62,10,11,37,6,44,20,60,60,17,49,5,12,11,18,37,46,62,10,28,23,44,5,24,8,0,34,13,16,42,22,36,4,20,49,56,22,23,37,40,40,41,20,4,7,1,38,58,62,47,40,49,37,17,53,24,26,47,18,10,27,53,24,19,33,45,26,20,55,42,10,10,34,14,10,30,3,45,38,26,23,35,29,50,20,2,35,5,0,21,55,1,50,36,56,7,37,48,45,42,3,62,25,7,59,7,1,52,34,34,4,20,26,5,51,31,45,42,21,1,51,55,61,38,5,4,11,33,44,9,21,19,5,33,21,31,60,49,0,9,47,50,30,6,5,4,20,5,26,7,17,34,37,34,1,58,26,0,8,26,4,55,12,18,35,59,56,37,38,37,20,26,47,4,24,9,13,26,5,4,48,55,61,49,63,27,32,26,6,7,9,54,47,17,0,24,58,12,31,49,58,3,54,52,53,35,37,0,52,4,52,35,5,49,20,48,27,6,33,6,26,35,9,37,55,49,54,15,17,56,43,19,5,35,35,42,59,14,0,56,21,31,59,8,50,26,15,31,57,49,16,7,51,1,43,31,17,34,4,7,13,1,53,50,50,17,28,33,32,0,37,52,13,32,58,16,45,48,19,43,53,4,38,45,20,34,21,38,47,5,38,21,56,25,14,53,11,1,12,14,28,13,60,59,13,56,0,60,9,0,50,50,19,21,6,4,1,58,33,40,11,25,17,63,1,49,21,59,29,49,8,19,3,42,26,9,32,1,17,47,14,0,32,42,47,28,35,43,50,19,37,0,35,17,37,49,53,21,48,26,3,36,37,32,26,42,12,14,21,38,40,12,17,3,16,45,22,36,3,52,55,8,9,4,40,32,6,28,12,0,28,7,26,20,31,5,50,17,6,8,7,10,50,37,50,31,46,24,53,33,42,56,33,10,37,28,14,57,27,27,12,11,6,34,60,0,19,25,43,25,31,53,11,18,46,51,49,36,11,37,50,7,43,62,17,43,13,10,24,3,10,7,14,56,49,25,61,27,15,32,15,12,35,26,15,47,7,9,32,32,9,26,33,30,18,33,22,22,53,3,44,35,40,34,7,58,27,51,19,59,16,25,29,1,3,56,1,59,13,49,52,8,58,27,38,5,25,52,22,56,55,42,44,37,40,1,50,31,27,50,3,58,4,63,10,45,7,38,39,5,2,6,4,4,63,27,52,25,10,35,25,32,6,15,9,19,12,9,40,31,50,0,22,10,41,0,42,27,3,15,16,8,7,63,1,2,24,34,36,62,37,22,58,10,50,47,53,40,14,14,5,54,9,3,40,27,18,21,40,53,0,5,5,9,31,39,58,18,16,56,9,0,17,58,58,12,32,26,48,6,41,8,19,42,8,14,28,11,30,1,4,13,58,17,36,12,62,4,18,40,35,17,49,57,30,14,61,8,25,18,52,22,26,18,46,9,16,59,31,5,40,25,19,43,54,3,9,33,8,11,22,4,35,55,63,51,17,4,11,8,14,4,48,11,57,32,12,62,20,4,1,37,32,23,12,19,20,18,40,7,0,28,6,23,54,5,14,0,9,35,9,22,3,32,25,61,29,12,39,23,57,14,56,55,59,3,12,31,9,22,3,37,28,35,24,13,57,55,17,18,58,51,9,42,48,34,0,59,27,3,14,28,23,39,43,28,8,55,1,15,32,6,63,46,5,40,22,40,50,49,3,5,30,23,0,37,29,38,41,6,48,16,28,14,10,4,7,15,16,8,48,21,50,23,14,51,63,16,5,19,58,40,6,32,7,21,58,31,61,63,2,26,28,59,7,41,53,7,55,61,12,42,37,24,10,38,55,62,35,36,51,43,16,8,35,19,31,21,62,12,12,0,21,55,2,42,1,11,5,7,47,21,1,54,48,62,43,28,12,55,10,31,35,12,17,21,4,5,24,27,35,54,47,36,61,25,22,49,40,5,40,61,63,17,20,8,3,11,23,8,8,54,21,9,29,5,13,43,21,31,53,44,57,24,52,22,21,38,23,25,17,7,3,25,4,21,2,20,43,50,53,41,43,58,53,29,0,40,8,31,34,35,53,28,59,19,44,19,4,13,47,0,52,27,52,2,56,0,26,24,57,28,22,52,47,16,52,29,38,6,9,35,11,30,2,26,34,13,36,19,20,37,63,8,63,7,11,39,47,51,50,21,19,16,16,61,33,40,31,31,61,54,32,17,44,21,45,4,1,33,3,28,9,61,30,59,17,11,16,0,28,5,19,6,8,11,58,3,38,20,51,26,11,1,39,18,38,58,56,14,4,11,53,7,33,33,6,59,3,37,13,4,2,24,38,16,56,56,12,11,46,32,14,5,44,43,44,17,9,40,14,35,52,49,48,55,31,17,20,39,39,25,33,4,46,0,16,39,25,24,62,60,38,2,14,57,46,27,35,1,13,4,58,43,8,41,28,1,13,35,41,12,29,27,53,18,42,13,29,15,33,40,49,50,44,8,40,35,5,25,34,14,9,34,7,53,20,24,9,47,44,30,4,3,45,35,47,12,8,23,48,45,7,16,10,49,0,0,12,2,50,39,25,26,45,19,29,41,19,21,52,45,36,3,40,35,60,49,10,45,15,12,11,3,34,36,27,21,19,16,14,38,20,37,0,0,31,56,6,8,16,18,56,18,40,16,8,17,49,25,43,5,4,16,32,38,5,30,33,30,17,13,6,15,56,19,61,51,47,46,10,24,3,59,4,27,12,27,58,20,19,5,49,12,61,52,32,3,6,26,49,40,8,12,19,52,16,21,3,21,43,21,18,21,4,2,29,1,48,58,9,41,14,2,9,2,16,23,8,26,24,13,60,1,53,35,38,50,5,0,33,63,3,20,60,1,23,6,51,31,18,38,21,50,19,15,5,20,28,61,37,10,19,49,3,43,59,43,29,56,58,28,15,24,23,2,32,3,54,5,53,37,23,5,3,19,53,57,11,0,19,50,48,8,30,9,11,61,60,17,18,15,24,35,11,35,9,7,9,20,32,9,36,17,8,48,35,38,42,60,9,61,13,50,4,3,34,1,18,20,17,1,16,58,46,31,29,54,26,13,5,16,20,3,35,45,61,29,25,0,24,51,18,26,26,3,8,38,11,51,37,5,0,19,49,38,15,53,7,7,12,8,2,19,28,4,15,22,42,33,40,24,24,23,20,22,43,2,6,37,9,2,29,46,11,35,13,19,24,22,39,12,30,1,37,53,42,10,4,7,6,47,62,58,2,6,18,47,30,0,25,43,5,9,34,51,39,12,17,58,28,27,6,52,2,1,22,50,35,26,50,12,59,50,13,9,4,25,53,49,48,29,53,61,50,19,24,49,56,38,22,26,27,23,37,60,38,55,6,9,26,12,39,52,9,11,20,38,42,32,14,20,13,21,34,34,11,4,36,40,17,46,16,18,39,41,0,62,26,18,43,22,16,41,43,42,16,27,63,59,0,7,44,16,43,38,63,63,0,16,44,22,1,29,13,15,6,36,34,17,49,60,0,43,0,21,42,1,31,18,2,15,28,18,36,27,39,19,2,58,4,2,19,37,36,12,55,20,16,62,40,40,10,18,63,50,48,56,13,39,2,39,12,44,18,10,43,53,37,58,59,16,37,49,16,18,1,10,15,35,60,46,40,17,5,18,35,58,39,18,3,17,12,8,17,19,1,43,15,5,1,47,0,11,15,20,24,59,11,20,3,56,50,35,3,0,56,62,36,14,20,53,24,47,1,1,32,7,0,6,47,3,1,56,3,35,31,51,32,16,9,34,58,56,1,63,15,0,56,0,11,15,17,37,0,1,58,18,43,3,29,10,60,11,51,28,19,39,32,5,5,47,11,48,27,8,49,48,2,43,1,0,30,23,9,53,47,4,40,50,34,16,39,26,16,4,1,19,48,18,23,1,27,54,51,4,51,3,6,33,12,29,0,58,4,1,35,42,22,22,14,2,59,15,8,56,13,12,7,3,15,40,24,16,20,15,53,37,29,42,37,0,12,33,4,35,27,12,23,35,27,25,38,32,2,51,49,8,8,44,16,17,58,6,3,18,2,52,56,13,45,4,24,63,27,16,3,40,9,13,62,43,34,32,43,3,6,12,52,21,21,24,4,7,16,4,60,3,12,5,1,53,3,14,19,8,45,1,9,34,7,22,17,22,4,39,14,56,35,12,3,60,51,14,38,4,28,40,12,2,12,37,5,3,43,4,39,0,14,20,63,47,8,62,3,6,7,38,31,61,59,0,26,10,62,27,18,9,20,47,23,21,34,18,11,4,32,35,20,25,59,36,42,14,56,43,1,58,58,50,53,47,37,49,34,8,51,1,36,24,61,60,22,51,9,53,32,0,33,31,38,14,32,36,29,56,41,15,31,8,7,1,51,55,56,16,12,34,37,12,28,16,14,42,2,62,26,9,40,53,32,35,61,30,42,2,4,23,50,40,31,35,27,44,63,27,43,28,62,29,43,3,7,27,43,55,12,58,9,28,32,9,22,10,53,11,8,13,22,56,47,9,3,56,31,60,14,44,25,15,15,0,56,46,24,10,18,49,2,54,3,60,48,24,11,34,48,49,51,16,54,46,38,18,44,15,42,18,58,24,20,5,21,24,17,29,35,55,27,5,50,43,61,17,32,4,59,60,51,9,15,52,2,57,26,29,5,12,8,58,25,7,10,17,16,20,1,16,1,15,4,0,25,30,4,18,2,22,16,3,55,38,56,4,35,27,16,34,29,1,14,13,48,18,56,4,46,22,29,0,34,57,33,9,36,9,27,47,5,40,38,16,9,45,1,26,11,1,29,5,15,56,2,50,28,63,18,56,11,43,6,37,57,6,27,41,10,45,7,54,26,12,9,49,8,39,9,2,19,8,15,25,9,16,21,40,13,7,11,20,63,15,0,33,16,6,58,53,48,5,35,40,7,48,4,6,16,55,48,39,54,12,37,53,15,45,27,44,3,17,37,1,3,0,38,49,27,9,40,24,2,30,49,19,30,18,36,14,5,38,27,18,59,37,28,26,50,25,60,39,2,39,1,56,33,56,59,14,41,34,43,14,11,48,6,27,47,56,39,15,7,10,0,27,2,31,3,6,16,40,0,46,17,15,58,52,43,19,58,27,40,51,22,27,53,17,40,13,27,41,13,37,3,32,18,40,29,61,19,33,38,8,23,21,51,8,61,63,50,21,44,34,4,44,63,39,43,29,7,0,37,24,6,15,52,4,10,12,3,43,19,57,33,12,0,8,56,33,22,53,2,2,58,18,20,36,14,18,37,29,11,17,9,49,31,51,9,54,54,24,28,53,18,17,33,45,28,59,17,17,38,47,0,17,55,32,26,3,20,1,6,4,35,62,1,40,21,18,36,49,57,33,10,51,53,31,26,31,56,4,8,5,50,11,8,11,21,52,10,47,15,1,4,17,4,33,36,8,51,13,45,58,12,15,52,56,16,40,5,14,14,35,59,58,38,19,3,63,22,0,21,1,63,35,54,23,18,56,7,37,4,45,16,61,48,23,46,7,10,56,53,11,36,19,14,6,26,2,4,44,2,57,50,6,15,35,7,7,52,39,32,42,9,59,32,36,26,10,60,14,20,4,16,58,11,35,46,55,50,27,8,45,11,17,32,13,56,10,4,5,53,22,46,15,28,4,1,32,34,49,37,37,36,14,42,30,43,12,12,18,5,56,15,28,27,57,14,16,20,20,27,20,45,54,8,37,40,21,0,44,60,47,26,16,27,46,22,50,45,43,32,46,39,43,19,46,6,26,4,49,3,9,50,53,8,4,9,34,2,19,14,59,39,17,15,16,35,59,17,55,31,26,35,21,7,3,2,22,10,42,1,36,53,40,46,7,12,28,56,0,21,4,11,45,48,51,58,14,41,5,58,1,53,35,53,37,5,50,52,6,15,39,43,28,14,19,1,14,35,21,8,17,31,57,15,34,31,18,16,26,22,17,20,6,43,16,10,58,50,11,9,42,29,27,4,17,21,18,14,56,54,31,21,52,3,16,24,15,45,14,2,26,28,19,45,63,41,22,52,62,9,53,11,11,63,49,2,48,28,49,20,49,4,23,18,43,32,6,61,50,31,60,1,3,39,47,35,29,50,0,5,54,5,34,17,6,42,2,49,19,43,15,50,3,42,35,9,41,19,19,36,28,51,41,12,35,38,46,63,47,39,40,37,54,42,10,32,52,62,35,40,24,35,56,32,16,12,24,5,52,35,15,50,10,10,5,33,24,19,46,30,24,17,15,58,48,13,19,23,4,9,31,11,23,39,16,15,41,8,58,50,32,5,33,26,26,19,13,0,41,0,32,61,43,9,59,48,36,8,14,7,6,63,33,21,8,59,54,35,28,47,51,47,47,16,22,15,33,34,5,55,32,6,5,17,55,1,32,53,43,52,35,23,61,0,18,50,56,10,32,8,59,10,21,13,5,50,43,8,15,26,5,43,12,34,5,42,24,57,9,53,11,8,3,9,6,30,57,0,19,32,39,57,4,25,6,9,1,8,63,11,0,16,55,52,18,16,58,24,47,57,63,11,15,14,4,37,20,7,5,43,23,43,13,28,17,33,15,29,34,25,24,5,4,59,11,20,26,4,23,28,45,18,16,43,2,1,55,35,58,40,28,7,1,14,1,33,59,3,61,43,2,16,16,31,54,54,52,15,59,1,37,48,54,39,15,0,46,48,12,14,59,22,60,17,34,23,24,22,20,16,59,13,34,6,17,19,38,45,52,35,57,46,16,62,12,55,52,8,25,36,32,41,45,38,8,18,31,58,10,36,48,7,36,37,1,24,14,8,61,44,30,48,2,59,13,46,16,28,14,36,9,5,19,26,8,34,51,21,22,25,14,41,8,6,4,38,53,25,9,4,9,34,5,40,8,44,62,44,35,43,3,45,1,0,51,55,15,38,11,55,30,60,56,10,56,30,57,3,3,35,8,9,58,16,12,0,45,5,55,24,1,11,57,43,27,15,39,9,19,21,33,2,29,9,40,8,26,5,7,45,17,42,0,16,23,6,35,49,14,55,14,4,23,8,26,2,51,35,34,55,1,63,0,4,25,26,63,22,6,27,6,51,19,60,0,14,9,35,18,8,57,46,24,10,48,16,38,59,0,44,44,58,15,33,9,37,48,22,27,25,28,60,55,34,40,21,34,25,60,49,0,15,16,40,50,43,57,61,33,31,62,1,57,40,53,28,41,19,0,43,38,21,1,0,32,53,2,18,31,4,17,32,32,9,19,43,1,15,2,18,2,16,2,26,28,23,43,2,11,17,18,17,42,43,0,45,10,8,57,61,50,34,52,23,2,3,25,43,1,52,45,49,5,2,47,12,60,9,44,27,57,57,4,11,3,4,16,32,47,2,22,4,50,5,14,5,62,19,30,16,47,16,51,5,55,35,54,16,3,35,12,8,43,29,22,28,17,4,36,25,41,60,55,33,11,8,47,46,26,40,27,23,58,43,5,40,30,50,27,26,10,14,5,8,28,43,32,7,34,29,10,11,35,0,57,4,5,56,30,7,13,22,40,45,2,43,58,1,9,0,16,48,29,0,0,8,43,8,31,26,48,14,32,6,21,15,17,59,42,53,60,1,6,0,35,14,51,24,41,18,50,41,46,44,54,4,6,38,43,6,7,26,51,24,37,37,42,19,19,38,1,51,1,33,18,12,24,25,30,18,43,9,59,24,36,3,46,43,20,25,29,33,3,9,6,10,15,35,37,5,33,32,53,20,56,21,2,43,33,18,18,62,11,25,50,43,23,20,27,62,22,38,24,22,36,38,31,12,28,4,5,39,40,55,14,44,58,17,33,56,43,22,37,23,17,44,31,16,9,11,18,28,5,26,47,54,61,8,13,26,52,24,32,17,56,15,16,52,10,42,56,38,43,52,19,43,47,30,32,17,32,16,20,45,26,50,2,35,19,5,51,35,4,33,12,47,40,3,8,31,51,10,1,32,15,30,26,62,38,6,3,16,33,43,31,15,51,16,63,40,44,58,17,7,24,39,36,42,16,35,51,6,24,60,16,4,18,48,10,45,14,15,5,52,18,12,14,39,54,3,1,31,4,50,37,60,19,30,50,38,3,8,38,15,38,5,14,8,16,21,35,28,33,44,19,0,23,7,20,18,45,57,2,60,51,26,30,7,4,24,53,9,43,2,2,43,3,28,63,3,28,12,33,35,11,14,11,27,16,52,62,13,5,9,18,38,1,42,59,38,58,49,58,29,32,5,5,37,62,52,26,31,17,51,29,15,57,46,60,58,15,21,3,11,3,0,4,0,37,22,37,57,13,14,63,10,53,58,18,36,38,2,43,63,5,14,32,4,35,20,10,12,15,38,50,21,0,1,61,38,16,43,37,31,19,63,62,9,32,35,34,51,25,17,55,0,5,63,12,6,20,59,3,19,28,11,12,24,5,6,27,40,5,34,3,30,30,12,60,38,45,48,43,32,20,60,18,49,8,44,53,6,53,30,1,37,29,58,22,24,58,42,16,63,40,34,26,37,50,22,37,43,19,8,47,7,24,55,32,38,27,30,22,63,16,19,22,58,45,59,51,15,11,41,11,60,51,29,8,60,62,24,52,63,17,29,29,51,36,15,7,0,18,36,28,38,12,24,36,39,56,9,39,34,50,47,5,3,19,1,31,53,10,3,28,59,7,13,15,11,7,9,1,4,20,29,52,8,11,16,23,50,26,14,16,14,15,29,0,4,60,6,40,17,14,7,3,31,8,34,56,34,3,21,18,60,18,7,7,24,3,57,24,7,35,35,43,16,53,63,24,23,14,32,39,41,31,9,3,31,26,21,40,8,23,0,16,61,4,0,45,19,4,7,8,5,3,15,52,3,22,6,41,37,16,62,56,56,5,9,19,4,22,20,56,46,29,31,23,6,56,57,51,1,32,29,53,38,8,14,63,43,63,12,38,9,25,20,38,44,17,10,10,14,38,0,27,17,49,53,26,48,3,41,57,48,1,39,20,19,17,52,44,45,40,9,29,32,15,51,55,58,34,5,43,43,53,62,16,20,4,49,40,39,32,9,24,17,12,43,19,44,13,6,0,12,35,17,7,57,8,24,5,31,14,31,51,45,4,18,22,24,2,2,3,61,63,25,45,9,22,4,11,26,49,28,43,7,14,14,12,19,23,20,13,37,63,4,17,2,17,43,45,54,51,16,34,25,32,32,1,33,9,46,5,23,17,12,4,15,36,31,25,35,25,42,38,36,28,15,31,8,24,1,32,6,0,34,38,16,2,1,63,62,30,40,22,11,38,18,22,33,3,8,9,20,21,34,41,26,59,62,17,53,2,10,2,50,20,19,14,57,58,26,1,52,47,13,11,32,21,44,29,60,12,45,17,41,6,11,40,29,45,26,6,61,19,12,60,5,5,13,36,32,11,10,11,36,16,17,49,18,63,8,41,5,20,35,32,9,34,11,34,11,61,19,30,12,52,63,8,49,0,28,56,52,38,6,44,63,1,23,42,32,38,24,8,33,63,8,16,32,22,34,18,16,3,1,38,58,8,40,3,27,26,11,1,36,19,7,22,34,37,13,7,25,14,3,14,2,5,40,51,41,3,61,10,11,41,1,34,63,43,51,8,24,7,46,56,52,9,50,39,18,0,18,21,43,5,8,0,37,57,5,26,48,30,60,41,56,38,45,53,6,40,34,7,18,46,43,22,11,12,17,16,22,32,24,61,35,1,18,14,51,21,23,7,8,52,27,3,26,11,12,60,45,56,5,27,21,2,14,20,27,11,45,16,60,16,40,8,19,27,63,54,16,5,45,49,11,8,16,47,18,61,19,33,1,13,2,49,33,15,17,22,27,50,30,12,28,45,46,22,12,57,19,4,25,24,19,14,54,16,0,40,35,44,16,56,5,7,16,22,35,40,41,15,14,24,11,24,58,27,12,22,27,28,4,13,12,31,7,8,30,1,11,23,8,7,11,34,22,3,63,34,17,47,28,17,58,50,62,39,46,18,22,14,60,31,20,32,28,15,9,40,56,0,12,40,34,63,31,16,43,47,46,13,16,60,24,39,55,33,7,38,32,1,3,26,44,13,25,12,6,31,45,44,29,17,54,37,0,44,9,58,17,4,17,7,53,43,16,11,14,16,1,28,33,7,7,63,9,33,5,29,14,60,14,19,50,8,53,16,55,9,50,1,16,46,17,36,52,6,53,41,56,31,40,60,51,30,28,9,29,19,22,59,24,12,31,11,1,3,26,12,1,0,16,24,7,20,15,53,38,19,57,12,20,5,10,3,51,18,36,11,9,15,59,45,54,31,42,17,44,14,0,11,41,58,4,14,26,9,27,5,59,14,8,42,25,0,19,35,60,24,33,60,19,22,7,63,0,48,11,49,15,49,44,1,35,63,12,61,55,27,53,9,1,49,61,9,8,17,0,28,17,12,26,32,42,61,56,9,16,49,40,38,27,16,31,26,0,9,55,31,14,16,14,50,46,23,55,33,39,45,39,9,54,14,38,32,1,13,50,7,31,53,38,29,14,58,38,14,13,6,11,36,55,27,9,13,30,41,51,2,1,7,59,52,6,55,7,31,20,15,1,18,63,56,26,32,48,12,17,30,18,2,50,47,28,21,25,19,11,32,22,26,32,25,33,19,61,49,35,16,41,5,35,3,23,11,1,38,43,33,36,19,50,53,10,51,14,25,28,20,50,51,16,25,24,0,56,58,31,6,56,2,60,60,0,39,33,11,39,58,33,61,22,63,24,16,43,9,6,5,32,19,34,8,30,48,15,60,30,41,8,19,49,26,36,10,16,31,27,26,41,11,44,5,49,35,38,15,12,29,34,59,20,2,34,4,19,31,33,18,26,16,50,35,1,17,6,15,11,12,0,20,38,28,32,7,40,15,13,14,12,7,32,53,3,51,1,52,50,11,8,19,18,52,61,2,6,57,20,52,28,9,56,22,13,54,47,17,51,42,8,4,56,34,43,21,16,5,25,22,27,1,37,40,20,26,3,52,32,43,33,47,1,21,7,36,19,27,7,57,11,57,58,6,14,34,34,29,8,63,5,5,51,28,23,59,14,25,40,14,16,30,58,15,38,0,4,26,30,44,17,46,12,42,15,40,45,18,11,4,34,23,9,5,11,33,27,50,12,3,40,7,26,26,24,17,24,8,1,8,23,22,2,56,63,16,46,53,14,34,15,20,60,52,21,1,39,29,18,4,60,3,14,16,38,35,16,16,47,18,12,44,15,27,11,2,8,17,21,4,12,13,40,2,13,38,12,3,6,0,35,5,40,9,20,0,40,52,40,7,32,38,55,61,39,44,17,3,13,54,51,33,39,2,42,51,54,18,61,51,55,9,13,5,10,50,49,14,42,47,26,29,28,40,15,12,63,19,16,0,31,47,8,45,4,11,34,37,1,4,8,23,39,60,19,23,42,61,33,12,2,5,44,8,60,4,6,32,2,5,5,60,12,16,17,17,61,26,24,51,60,36,4,8,18,45,47,11,55,8,61,7,63,20,30,14,36,24,35,13,18,1,17,37,12,0,29,50,54,19,16,46,14,52,13,4,52,12,45,48,43,61,35,40,37,28,46,58,39,28,33,29,15,54,4,20,40,45,37,42,43,20,34,7,53,16,63,22,37,35,49,15,3,42,5,14,14,11,25,63,38,16,3,9,15,10,24,20,50,19,33,46,54,58,44,25,44,7,28,5,22,11,9,10,53,16,11,4,5,56,44,3,18,24,33,35,51,40,28,33,38,21,15,17,14,9,47,14,5,22,16,18,30,4,2,37,45,8,50,24,15,6,12,26,17,26,10,51,18,31,40,1,51,57,32,54,45,45,5,53,35,35,27,9,37,44,33,42,16,14,15,6,48,20,40,8,32,0,12,15,11,51,34,18,5,32,42,29,6,8,16,51,5,36,1,7,26,60,3,61,6,37,36,9,2,40,37,41,32,52,20,49,47,11,42,44,1,33,17,61,55,20,61,60,4,12,59,12,56,8,13,12,41,16,33,15,50,13,24,46,24,8,43,5,0,44,42,4,7,44,46,47,41,34,35,20,19,34,54,0,17,3,4,23,40,41,1,3,24,50,24,18,42,38,0,32,14,61,38,7,4,12,58,24,63,41,60,39,52,25,40,53,5,0,13,11,53,23,18,40,6,8,8,54,50,23,3,52,3,20,16,52,40,6,22,57,42,28,27,49,11,3,21,34,54,32,43,55,53,5,45,38,35,6,41,60,17,6,35,34,47,58,39,12,53,37,43,2,37,4,54,63,28,51,57,13,43,51,45,6,60,43,13,45,22,17,22,57,54,20,32,19,0,46,1,35,12,8,25,19,53,26,26,44,46,48,43,7,38,56,44,9,55,27,12,51,7,45,29,27,62,11,19,32,5,27,40,53,10,30,16,25,1,18,59,34,21,13,5,8,44,0,39,10,19,5,5,14,36,45,37,52,45,32,40,8,5,7,40,5,21,3,31,4,29,29,61,33,63,56,21,2,12,15,35,27,9,22,20,59,1,21,31,16,2,18,33,49,50,39,26,15,42,20,14,42,0,20,19,28,12,31,36,27,37,38,14,3,1,39,26,62,54,3,19,53,18,39,0,0,43,23,19,32,25,7,43,57,14,61,44,2,49,55,14,12,20,43,51,16,49,27,12,8,32,36,62,13,14,10,12,24,15,52,34,4,7,58,10,15,45,43,8,4,17,20,1,63,12,11,24,0,38,26,58,9,15,14,25,9,54,59,52,45,49,25,43,25,9,15,61,49,23,55,3,6,40,31,11,20,48,1,24,40,19,49,57,44,55,7,37,42,4,58,56,63,23,41,19,1,12,56,10,58,2,0,8,50,15,0,34,24,20,59,25,52,47,8,45,43,42,3,32,50,19,52,42,7,24,17,12,27,63,24,12,38,17,28,56,12,48,11,25,33,24,26,51,48,1,2,4,13,53,41,0,2,3,2,49,31,34,14,43,29,20,7,49,29,22,5,16,19,56,19,51,3,42,16,61,17,43,45,27,21,30,58,12,4,19,16,19,4,61,15,25,0,8,18,14,4,14,20,12,37,8,1,9,33,14,59,52,21,30,35,2,38,3,58,16,33,30,20,19,52,4,38,11,0,8,13,4,4,33,38,8,20,37,42,7,44,12,38,2,58,18,13,33,61,0,30,29,27,63,50,21,15,28,30,24,41,17,23,47,26,14,39,12,9,42,58,38,51,14,1,50,4,60,16,7,56,55,9,10,6,4,2,4,16,13,39,52,14,60,38,56,12,56,25,50,3,26,15,23,0,48,63,17,40,51,63,29,12,46,16,28,9,22,15,48,38,28,15,40,61,39,45,16,7,19,24,10,38,14,9,39,15,33,51,39,2,30,27,45,30,32,26,9,27,35,53,11,15,54,58,4,9,4,59,43,43,46,25,38,12,40,36,24,23,19,49,10,33,9,17,44,18,51,27,5,3,15,51,23,4,8,1,42,16,44,48,7,19,15,16,60,40,39,32,43,22,22,38,14,60,4,7,7,13,32,40,29,5,50,46,30,22,55,46,24,13,43,28,3,38,42,17,0,10,61,4,6,42,33,32,42,51,60,16,45,54,35,62,16,2,1,48,14,8,50,43,47,34,3,41,37,55,19,32,7,3,37,24,11,20,18,19,4,14,31,51,12,19,4,50,41,4,16,13,50,5,22,18,45,57,63,9,17,28,41,63,30,61,2,46,5,36,58,18,2,13,45,44,62,58,51,47,1,16,35,3,6,7,11,58,15,47,57,28,49,41,24,21,31,44,52,11,13,39,34,1,34,22,43,21,3,3,4,21,38,31,45,28,39,26,63,42,16,49,24,29,0,19,55,1,3,59,1,53,63,6,29,18,9,1,10,63,57,53,62,7,14,27,38,21,12,14,9,24,51,13,32,30,63,45,0,58,29,4,43,38,6,38,27,21,6,45,14,17,19,17,7,19,61,16,6,38,2,40,36,38,23,14,51,13,11,41,37,22,49,12,51,61,17,5,47,0,26,40,12,16,20,11,2,6,3,14,15,29,32,20,36,25,16,57,14,60,31,17,18,35,21,35,16,7,14,40,17,24,47,22,12,61,56,19,59,35,59,17,19,41,12,35,0,28,40,24,0,17,3,6,56,42,49,63,32,61,28,29,34,44,31,50,42,60,31,51,16,4,16,26,43,0,12,11,63,50,38,50,36,19,12,0,19,62,51,36,14,19,9,46,13,5,17,60,20,48,5,55,8,19,42,54,8,16,13,7,21,52,63,1,45,0,62,17,40,60,61,59,6,35,12,44,17,32,50,50,23,62,57,25,26,13,21,24,44,19,15,32,24,4,59,16,2,44,21,34,12,39,12,39,8,5,4,45,15,1,40,23,28,0,58,11,63,38,16,41,40,3,35,19,26,31,14,40,46,26,1,48,47,34,31,32,50,11,9,25,40,47,9,11,61,24,38,39,15,2,23,15,46,45,24,11,36,18,39,8,7,18,40,51,38,28,31,25,2,49,1,10,24,39,24,8,26,35,34,57,20,7,26,37,25,52,18,30,26,44,37,51,51,31,8,16,23,16,29,3,12,40,54,23,58,4,10,2,52,35,34,5,24,4,23,33,18,16,17,20,27,60,17,53,29,5,28,24,47,27,31,37,63,22,47,50,60,35,2,59,3,49,51,56,38,51,57,58,36,43,36,10,4,0,53,26,14,12,50,4,46,18,2,60,58,9,53,38,3,13,25,0,21,9,7,15,60,9,7,5,63,38,19,16,49,14,26,31,26,19,29,13,58,12,0,37,52,19,48,5,36,54,29,33,49,30,28,39,27,14,1,18,24,31,51,60,47,18,59,17,29,58,15,23,20,6,6,2,24,2,45,41,57,50,32,12,30,61,18,5,39,24,13,14,58,17,24,2,4,5,14,49,11,41,37,61,21,52,25,23,30,38,5,61,15,12,36,1,43,12,42,53,32,0,20,45,6,34,14,18,46,13,33,58,9,8,15,28,36,42,37,17,52,20,61,2,33,29,26,59,49,43,18,40,11,12,60,35,39,39,18,25,57,52,14,0,17,55,30,55,28,29,45,31,15,19,5,53,12,22,24,26,0,58,17,4,46,13,39,27,63,57,49,2,29,50,22,47,21,45,18,11,0,30,29,10,7,35,39,15,13,54,16,12,42,17,2,50,6,33,17,9,51,38,10,19,22,3,63,20,47,12,40,40,56,4,63,15,32,17,8,20,53,18,2,35,5,32,15,49,37,45,8,36,4,53,37,56,9,56,8,0,27,41,51,14,38,8,16,13,17,57,24,25,24,45,31,21,51,4,32,43,45,12,34,23,57,10,34,47,51,56,30,3,60,18,43,62,42,58,57,4,59,55,1,5,51,16,46,0,60,6,29,6,5,24,41,47,2,26,48,61,22,61,8,55,58,1,28,24,11,25,24,39,16,19,60,47,33,10,2,52,4,58,18,4,8,14,63,57,26,15,15,46,8,0,32,36,23,32,1,49,5,58,8,52,23,8,0,2,25,29,30,57,22,14,15,59,18,54,9,28,47,18,27,0,63,27,11,58,26,2,36,0,62,24,37,28,21,28,30,16,12,14,6,9,4,50,18,2,50,13,43,27,16,58,53,44,38,8,38,55,26,16,55,34,26,5,21,51,52,7,17,50,26,51,12,21,36,14,50,63,47,21,38,43,26,43,12,2,17,56,0,19,40,46,40,13,52,28,18,14,45,47,61,53,26,9,45,3,4,31,59,40,1,22,56,7,16,7,8,13,22,18,28,61,11,19,47,11,34,0,14,39,7,23,22,37,35,34,58,46,19,22,11,59,56,42,0,33,26,54,31,35,39,17,36,55,37,18,4,24,0,45,32,57,40,28,52,29,21,52,52,31,8,2,58,3,7,8,8,39,25,15,7,12,4,28,25,0,23,55,33,12,45,21,6,58,12,18,23,17,37,20,8,4,7,1,58,21,30,19,9,34,8,53,9,61,35,45,62,50,42,52,45,35,7,16,40,52,1,0,26,38,9,1,6,41,26,44,34,59,51,53,19,20,40,6,17,26,58,44,40,50,15,14,33,1,33,48,25,42,32,24,18,37,18,2,52,49,58,56,51,45,0,61,14,17,25,9,2,54,49,39,14,12,1,58,13,7,32,56,14,26,14,48,11,29,28,5,34,8,3,6,51,13,56,42,0,11,3,13,26,44,19,28,41,54,57,7,22,54,39,17,14,5,24,17,17,42,5,6,21,42,48,50,54,63,16,44,0,19,14,45,5,1,33,29,61,38,53,48,38,31,16,48,52,14,59,13,63,14,26,31,52,15,11,9,18,58,34,26,18,55,45,18,41,12,27,9,29,1,32,30,18,17,18,14,56,3,28,52,61,8,16,35,17,47,23,37,32,18,29,38,47,39,17,2,10,56,49,23,37,10,11,41,5,58,62,14,38,3,49,55,42,40,11,19,6,14,58,58,60,14,38,50,9,24,6,33,33,45,9,25,0,10,48,35,17,31,16,38,12,21,61,55,27,29,52,26,48,48,14,40,49,4,63,56,60,51,50,9,38,1,8,57,16,23,0,30,57,30,57,44,42,53,10,3,40,35,4,15,13,16,50,56,50,3,51,16,40,18,45,26,59,43,14,37,4,9,4,62,53,46,29,1,37,33,25,53,16,19,51,0,1,44,12,25,16,0,40,29,37,19,4,7,57,26,43,32,53,51,32,43,32,8,41,39,39,25,58,6,11,7,25,16,38,40,28,37,53,52,20,5,45,20,19,11,40,1,5,39,4,58,7,8,2,7,50,43,2,1,34,16,41,8,16,18,40,55,30,26,41,5,28,8,9,8,18,9,38,15,41,38,0,40,60,52,47,24,51,9,45,0,2,50,51,54,18,5,11,20,63,39,50,14,42,12,14,25,4,17,4,63,22,41,59,61,45,32,0,31,19,49,4,12,26,0,33,23,5,58,37,18,12,7,9,15,3,28,7,19,12,51,59,2,4,28,17,27,51,31,33,21,23,18,25,60,40,9,51,34,4,9,3,26,43,28,17,50,24,26,61,11,34,1,48,19,59,14,31,62,43,61,37,3,26,20,3,23,12,33,9,32,44,3,7,50,63,38,43,54,2,31,32,62,47,47,8,19,63,1,25,31,50,20,17,58,55,33,48,59,31,47,16,16,24,58,27,22,63,62,49,22,55,18,4,55,39,15,18,43,32,14,23,56,40,11,26,24,17,9,1,24,38,49,1,61,37,11,39,3,17,32,18,10,16,9,54,42,31,10,51,55,60,12,31,18,52,32,53,13,18,34,11,52,26,35,9,26,6,31,11,5,24,8,14,45,18,16,28,20,3,45,11,45,10,3,46,49,28,46,17,9,40,48,18,21,54,4,32,17,48,10,58,21,38,54,37,3,8,47,19,33,52,55,25,33,22,15,38,14,39,46,59,42,54,17,1,10,22,51,26,19,9,34,63,0,37,21,11,5,26,52,50,25,33,17,43,36,24,4,21,30,26,52,12,16,1,25,50,37,15,8,17,24,52,8,51,23,7,25,28,9,4,38,0,43,50,0,63,7,4,32,2,16,16,29,12,15,15,8,48,4,22,14,14,54,54,3,32,54,0,37,25,8,7,8,56,40,6,43,28,35,22,24,18,40,9,16,4,42,18,9,57,6,9,12,2,7,19,8,50,7,39,16,47,43,12,36,12,11,8,20,50,52,23,5,59,14,13,34,0,37,15,14,3,17,36,34,55,43,26,30,51,37,46,5,34,12,56,14,29,42,13,17,8,32,39,15,19,20,51,21,12,33,2,9,3,17,12,3,11,30,43,21,16,35,37,20,20,13,34,45,26,16,7,32,14,40,1,21,49,17,19,61,25,15,19,3,30,3,27,1,11,12,14,44,30,8,13,47,34,28,63,22,53,7,1,10,19,40,7,29,11,52,2,26,49,62,28,1,13,0,56,12,19,1,10,8,51,53,51,18,63,30,27,23,42,2,57,37,47,0,36,8,29,1,2,9,16,6,8,25,10,63,31,17,26,27,16,50,60,51,26,29,12,12,36,50,46,34,38,12,27,12,1,35,18,40,13,13,30,50,61,62,49,25,2,52,40,63,5,4,27,21,50,20,7,6,17,24,23,0,5,58,10,33,53,12,41,0,55,18,26,49,17,18,9,22,52,24,50,27,40,5,61,7,41,33,16,21,7,43,53,8,63,4,5,29,44,50,5,16,6,59,7,1,38,8,22,5,31,52,5,26,43,21,5,33,4,4,21,24,16,16,61,55,27,33,56,4,63,32,38,29,18,25,30,25,27,8,22,37,33,14,32,0,43,37,37,12,44,51,16,9,37,8,3,56,39,24,38,17,1,34,60,59,32,34,23,16,8,54,51,40,12,9,18,4,8,24,13,29,34,22,28,3,5,40,4,13,43,42,38,46,25,12,2,5,8,25,32,3,40,21,26,31,63,1,8,51,56,8,33,31,16,32,19,28,53,36,55,20,38,13,4,30,2,16,7,40,0,20,61,34,61,8,40,58,48,54,54,12,47,11,24,9,0,32,28,30,27,54,1,54,43,9,35,52,24,10,21,36,15,58,36,11,12,35,39,4,45,19,5,4,33,61,56,54,8,50,42,24,61,1,18,55,0,17,36,29,3,0,14,26,52,20,25,24,7,47,21,28,15,43,9,47,5,52,3,39,53,2,8,35,2,46,53,63,59,3,0,32,21,8,43,10,28,18,0,50,34,3,7,4,62,27,4,25,60,19,63,34,3,24,9,49,43,22,46,58,28,33,13,10,56,29,33,22,3,39,1,11,61,5,0,29,21,12,37,59,12,24,52,32,9,11,4,62,26,28,60,51,44,5,26,16,39,49,13,3,12,47,40,5,9,10,4,37,13,3,21,3,60,27,53,14,17,63,61,13,3,18,33,15,45,46,5,26,16,32,38,2,1,16,8,16,52,4,34,35,36,38,4,55,22,13,5,19,47,0,1,15,16,59,37,35,51,23,8,5,7,4,1,15,40,15,39,31,14,49,6,47,54,4,52,17,20,16,17,22,47,21,26,16,1,36,58,54,3,31,3,0,22,45,12,15,43,53,15,17,56,55,40,43,26,20,4,45,25,56,13,18,47,20,61,37,7,5,20,60,22,52,24,43,32,33,4,32,45,13,19,47,5,19,23,40,12,54,6,49,51,62,47,33,32,32,48,1,13,15,18,52,17,44,14,59,43,43,40,56,56,57,39,8,35,37,32,18,39,12,26,44,13,21,0,57,32,53,59,36,55,17,26,24,24,59,18,36,57,61,24,35,50,52,9,35,15,21,61,25,0,12,25,8,56,21,8,24,0,57,30,8,34,53,1,20,16,16,15,33,51,40,32,51,22,31,12,27,58,51,57,35,55,15,38,63,13,8,10,13,56,48,18,24,13,18,63,58,20,35,11,4,8,61,52,31,53,36,0,30,33,39,14,34,8,2,32,3,51,57,5,54,40,11,2,23,12,14,18,18,47,16,20,6,3,1,54,63,3,30,3,49,0,54,58,17,44,16,59,17,53,26,37,31,15,58,12,18,6,58,10,38,57,14,22,32,61,55,27,4,3,57,46,12,43,62,20,0,39,4,25,35,32,1,14,38,41,33,17,47,48,44,29,0,16,46,3,44,8,27,17,48,23,46,27,35,12,31,12,51,19,50,52,2,3,7,38,52,43,8,30,21,49,14,34,27,4,4,11,56,42,24,3,9,35,15,54,7,63,29,42,8,43,53,53,35,17,3,2,39,27,17,0,28,43,8,54,14,63,4,13,50,24,0,16,25,47,41,43,15,16,51,22,21,4,23,34,60,17,4,15,29,2,37,19,34,38,27,49,59,56,21,7,5,15,37,54,61,29,34,1,61,6,26,32,12,61,31,14,56,1,16,38,28,5,9,40,12,46,12,3,10,56,41,5,49,2,26,40,0,31,30,17,63,6,9,7,37,37,40,9,58,55,7,8,58,45,53,37,16,62,22,36,5,38,52,51,45,56,61,45,35,39,2,8,14,17,18,63,41,6,54,39,36,1,14,9,24,9,20,52,21,0,51,61,36,55,6,45,37,44,29,16,7,28,47,32,32,21,4,22,12,18,4,38,18,28,24,58,32,40,9,49,46,35,20,13,2,62,33,0,41,9,22,11,11,25,6,2,24,14,24,8,43,18,48,42,13,31,62,4,41,14,31,57,52,5,60,3,22,15,40,19,13,13,35,1,4,27,20,61,62,17,54,9,26,59,1,28,12,41,31,52,32,53,1,39,5,45,0,3,59,38,54,32,8,4,17,57,37,53,33,47,6,31,48,12,51,56,20,32,63,63,45,55,49,18,17,37,12,19,59,19,21,9,37,32,6,31,0,28,15,17,22,58,24,48,0,31,4,45,52,24,39,16,62,25,12,9,12,63,39,55,21,41,31,15,1,36,44,7,51,14,19,7,20,36,25,33,19,0,38,40,17,22,27,15,0,50,3,52,53,21,52,46,29,12,28,46,7,31,4,28,32,33,9,20,29,18,15,25,0,31,15,27,44,1,23,50,40,8,2,26,41,45,47,55,7,38,9,8,62,4,38,52,32,3,28,2,63,34,62,43,12,5,52,29,50,60,33,4,51,37,43,9,58,17,7,34,51,7,47,18,50,17,40,26,61,60,50,28,1,5,38,25,43,55,60,2,5,30,38,48,45,24,59,62,38,0,21,32,58,13,12,59,0,22,53,32,25,37,43,59,45,39,30,15,34,11,63,17,5,35,14,27,12,21,32,28,41,8,41,57,59,31,1,3,33,4,47,23,13,45,8,40,43,51,32,54,43,55,53,46,38,39,13,13,29,40,5,43,53,2,14,18,53,9,4,9,37,39,38,21,41,35,1,34,9,21,18,17,27,29,45,18,22,9,0,40,58,22,29,53,6,50,46,5,9,5,56,18,8,29,1,31,8,1,48,1,14,5,37,3,35,25,7,33,54,10,59,56,18,48,37,37,4,12,18,44,14,10,2,7,12,60,1,27,47,17,2,11,52,61,33,60,13,19,3,42,1,44,51,55,9,3,6,29,26,63,2,24,19,5,63,57,50,55,60,4,2,16,22,20,37,34,26,29,42,32,45,10,28,19,9,30,63,7,16,43,47,47,16,58,25,49,46,42,12,37,18,3,8,5,41,8,8,11,53,52,32,8,10,27,56,46,39,58,40,29,10,5,15,35,17,0,9,62,46,13,3,2,30,54,12,53,7,48,50,37,8,58,13,7,47,16,16,35,45,40,47,40,3,19,39,18,39,51,20,56,7,43,29,18,4,12,23,14,16,17,31,6,25,38,20,43,54,50,43,24,20,8,49,31,9,43,60,50,29,5,24,49,9,14,48,17,8,27,7,38,9,29,52,25,43,32,22,30,4,1,37,36,56,22,34,3,6,52,11,29,11,52,14,8,19,3,13,39,56,9,7,61,50,32,4,0,0,40,34,34,40,0,7,43,27,58,0,16,5,44,44,58,11,27,32,26,17,29,46,38,49,13,13,53,20,43,32,6,60,49,37,31,27,7,9,58,18,50,53,40,8,4,34,4,13,40,34,38,50,43,54,26,29,20,22,53,46,13,26,12,29,43,5,63,9,34,36,12,24,0,16,6,61,37,33,8,34,3,59,23,0,24,12,11,52,15,53,0,25,51,23,11,8,54,31,20,44,33,50,9,14,6,28,15,3,33,61,0,41,37,46,17,4,29,62,32,38,40,33,40,8,32,16,4,4,17,55,28,16,26,29,45,8,54,6,10,31,0,5,56,16,9,12,55,9,11,4,28,29,26,0,8,2,34,17,9,19,63,8,2,4,16,26,15,19,19,43,35,33,17,6,8,24,47,40,16,17,62,3,26,37,15,42,33,6,0,11,19,11,40,25,56,37,4,2,61,11,4,52,14,45,60,8,27,38,17,59,36,0,8,2,53,25,23,17,0,63,23,34,1,9,0,53,53,57,5,48,9,19,19,2,63,9,28,3,30,35,14,25,22,62,33,14,15,7,2,36,40,12,24,43,31,22,0,11,27,17,1,18,39,4,53,47,23,49,38,25,3,58,8,9,26,40,47,23,43,37,45,17,11,32,42,40,23,51,9,61,4,3,11,13,8,8,56,15,7,50,24,26,19,46,0,57,35,37,23,4,52,12,30,33,12,37,45,36,37,4,6,56,53,43,42,18,19,15,4,0,41,24,7,22,5,22,52,24,5,39,50,4,16,9,20,28,43,42,32,1,16,4,24,9,10,15,62,17,34,42,10,25,33,5,60,39,3,35,39,7,24,35,4,55,22,7,33,31,9,8,38,34,28,11,3,50,8,61,20,38,9,63,32,14,52,23,23,53,12,44,14,1,3,19,21,40,7,4,46,0,22,27,51,8,56,45,17,33,63,27,44,54,20,15,12,4,55,50,0,27,50,57,30,45,3,56,14,61,26,50,14,31,42,33,51,40,9,6,21,18,24,19,58,12,31,5,18,63,60,37,44,52,26,45,9,20,5,0,58,40,25,51,16,50,24,20,0,2,6,49,33,19,29,34,20,4,17,0,27,9,25,27,0,28,52,1,24,26,1,21,30,58,52,3,38,59,4,34,20,57,43,51,13,25,8,13,44,42,3,8,48,10,1,15,14,32,15,29,62,4,24,12,58,28,44,38,7,12,37,18,16,17,5,1,44,39,53,0,43,17,2,4,20,15,1,58,11,20,35,25,7,14,22,13,5,53,6,11,15,17,14,42,31,31,32,1,18,32,31,34,45,49,18,36,1,45,56,36,43,10,0,11,12,61,0,23,57,26,9,62,51,55,1,45,32,18,45,4,3,62,19,59,37,10,4,45,28,20,48,22,51,19,59,0,4,12,58,8,43,36,17,38,40,43,32,31,55,3,37,21,4,18,16,28,33,3,45,40,6,13,1,6,59,9,50,18,3,62,38,35,43,41,48,9,59,43,36,5,13,38,43,17,25,19,52,61,0,28,53,9,40,55,19,50,30,11,30,30,21,24,16,50,38,21,20,0,27,15,4,19,61,13,52,45,53,20,56,0,7,17,58,14,15,13,39,58,3,60,21,26,44,26,49,17,49,10,50,6,25,26,58,52,26,5,19,1,6,58,24,31,46,18,12,8,32,43,23,5,8,24,9,4,18,3,47,48,7,13,19,26,3,1,32,30,25,51,48,8,8,5,54,17,4,13,46,51,7,50,20,52,28,45,22,38,1,19,62,15,19,15,43,57,61,55,47,17,56,1,15,53,60,16,24,49,20,52,47,24,51,26,45,1,8,52,3,46,39,16,55,7,26,19,2,4,13,31,3,10,9,14,43,17,14,28,20,17,31,51,58,38,8,14,51,25,4,19,33,40,44,17,51,20,42,25,54,4,32,6,26,25,4,35,33,15,42,12,23,14,26,40,52,8,56,55,49,37,60,34,34,51,5,39,30,43,8,27,34,53,38,60,9,13,35,38,26,34,28,12,17,24,22,30,23,37,26,24,12,54,39,26,19,15,52,17,54,18,28,48,47,45,22,6,8,40,44,28,33,24,12,5,60,13,33,24,56,1,10,39,6,38,52,59,28,10,15,40,3,11,55,17,32,43,27,23,12,59,0,9,5,33,24,7,15,40,52,20,40,1,40,49,2,24,26,43,13,32,28,15,15,1,24,40,51,48,9,50,33,47,24,9,19,15,49,49,51,44,3,18,35,9,32,0,4,63,8,1,32,7,22,7,40,19,24,51,37,1,51,26,56,42,8,12,23,37,13,10,43,17,23,37,4,42,7,28,14,60,41,27,19,49,19,23,55,61,47,5,32,2,44,2,52,29,18,13,63,46,8,36,27,33,4,63,24,9,35,38,14,12,46,34,45,9,54,51,35,47,4,6,19,55,59,4,4,17,37,58,17,24,58,3,17,36,56,45,61,17,4,2,31,46,38,15,2,62,24,40,29,1,19,38,37,1,29,40,52,25,3,4,7,16,49,52,34,25,5,63,13,43,59,6,51,40,24,49,63,25,44,27,28,53,4,54,62,28,22,1,44,1,31,5,56,56,0,60,32,5,48,19,53,37,1,15,16,19,9,25,1,11,39,41,17,12,53,37,14,58,0,4,44,15,16,24,5,38,35,24,15,1,58,41,11,6,52,4,31,26,61,8,14,14,50,57,46,50,8,37,28,16,38,34,60,12,53,19,12,58,13,38,30,46,39,59,1,2,22,57,52,47,27,40,58,48,40,33,4,56,62,16,4,9,59,42,16,60,34,51,53,32,2,7,53,26,2,1,9,14,13,19,60,14,8,32,15,32,8,33,1,39,56,27,24,44,52,17,63,31,12,18,1,49,37,48,9,62,17,50,3,17,61,63,59,12,19,3,0,12,53,61,31,37,12,41,0,47,9,2,47,43,2,19,59,49,35,24,18,11,25,37,20,28,53,39,29,1,48,1,0,36,40,18,9,45,50,43,53,26,9,21,3,34,14,5,0,59,23,23,14,46,29,8,33,11,31,63,44,3,27,39,9,49,14,3,7,50,48,46,38,38,38,0,9,6,8,32,7,12,42,53,16,9,22,46,61,5,24,6,27,0,38,49,18,3,20,12,3,46,40,2,1,8,61,19,25,12,59,0,18,44,61,25,48,14,15,49,54,34,15,17,25,11,25,5,53,36,27,57,33,34,12,55,7,17,5,31,7,40,22,39,38,43,58,18,1,29,59,35,56,63,38,21,51,35,38,55,5,35,28,43,12,32,32,27,14,46,17,6,27,4,35,30,17,5,46,6,23,15,8,31,45,31,56,7,16,16,61,26,48,17,42,25,8,38,47,54,39,25,30,58,58,41,0,22,6,44,20,42,16,4,1,16,3,21,38,21,40,31,62,33,55,58,21,42,35,51,26,58,49,35,50,33,14,39,6,58,0,2,30,17,38,19,18,17,40,13,31,19,9,15,14,55,41,45,0,56,17,7,7,21,55,36,24,47,13,4,34,39,13,1,41,29,15,13,26,15,6,58,18,11,5,34,46,35,63,39,52,36,10,17,14,19,26,63,1,54,12,20,0,5,17,18,59,36,61,45,24,61,37,40,16,33,33,20,61,61,18,43,8,38,2,42,44,22,9,16,48,49,38,35,56,7,51,49,54,45,26,63,16,17,5,58,15,0,1,4,9,6,40,46,30,25,57,37,16,4,58,48,12,63,4,26,3,31,0,20,4,28,2,51,35,33,16,19,16,20,42,12,15,1,15,34,20,0,47,61,56,30,19,2,56,28,1,25,56,30,34,23,36,12,7,3,42,41,4,1,48,32,24,39,59,11,40,3,46,13,9,52,50,25,16,41,12,5,54,3,1,46,39,8,32,12,7,50,55,54,53,23,6,26,10,5,8,59,22,31,20,43,2,18,9,17,0,49,51,20,44,53,5,26,47,1,8,3,25,2,10,12,1,8,26,11,9,52,8,14,52,31,31,15,21,37,25,36,32,43,5,12,19,25,16,30,3,47,0,56,30,49,34,53,36,24,4,32,6,47,13,8,5,45,35,24,5,24,18,8,25,36,0,18,12,58,47,16,42,53,36,19,19,8,29,12,4,32,30,20,7,19,1,61,0,30,28,49,1,25,62,7,14,57,53,0,6,2,58,18,3,6,22,30,39,6,15,41,18,62,15,56,11,14,17,9,25,17,32,49,8,20,20,54,16,21,50,9,57,32,8,7,10,34,2,40,18,45,43,3,26,8,1,23,52,18,12,16,18,42,7,38,53,30,5,34,17,8,62,19,14,42,31,14,27,20,8,56,15,25,44,14,62,51,33,20,50,36,49,43,31,33,33,49,4,4,17,6,57,7,17,41,18,14,30,17,27,38,58,9,20,24,21,21,33,11,5,28,45,59,55,27,22,25,24,35,8,42,24,27,39,32,56,57,51,24,18,22,56,16,27,49,19,59,30,3,47,42,3,57,28,33,14,33,14,63,7,1,61,5,27,9,45,5,32,62,6,42,8,46,49,37,29,52,20,11,0,62,62,43,3,15,29,35,55,18,0,39,17,29,34,10,29,42,36,32,7,52,0,8,16,34,50,48,26,41,43,60,1,60,26,35,22,1,28,27,31,62,8,23,50,46,44,33,52,1,51,37,4,24,18,42,16,62,6,5,0,34,5,0,50,61,25,26,11,19,54,1,35,30,9,39,25,38,39,16,11,1,31,50,9,7,17,7,7,36,38,33,3,19,59,27,26,17,63,14,14,44,11,35,39,51,16,40,26,11,32,17,50,16,40,18,3,13,29,56,6,31,52,47,29,50,19,12,12,35,10,52,29,31,38,63,34,9,9,6,1,9,34,26,43,51,22,16,22,24,24,45,2,42,57,31,18,52,18,10,16,19,7,53,55,34,42,57,23,54,17,58,61,46,63,35,32,10,49,37,26,10,42,39,35,43,52,33,46,35,18,50,54,2,56,61,13,39,6,16,23,17,37,1,23,32,19,17,27,63,24,16,43,9,60,49,0,0,37,8,38,26,36,32,60,57,12,40,32,55,29,43,5,8,46,42,33,5,32,8,0,37,2,9,15,9,34,10,49,63,32,30,8,8,8,54,49,49,8,17,55,16,29,26,37,57,14,25,33,9,33,50,16,38,1,5,22,40,50,54,4,9,33,32,58,59,63,8,15,44,12,31,45,13,48,1,45,9,26,3,7,61,5,20,54,37,45,58,1,53,15,35,52,38,17,11,27,38,15,40,3,22,26,48,57,19,5,19,5,56,22,4,5,15,51,15,59,51,17,16,60,21,62,0,56,25,0,32,18,50,38,39,12,35,0,13,14,45,56,0,57,37,20,6,46,1,47,15,52,7,29,30,48,8,10,33,56,16,6,15,34,27,6,42,27,58,50,17,26,8,16,7,14,1,63,4,9,11,53,63,12,23,2,53,26,16,16,3,51,30,16,26,39,34,57,35,11,7,6,17,53,28,32,43,0,29,38,26,9,16,0,9,43,12,4,17,8,37,31,41,22,32,1,45,15,15,4,3,29,16,63,15,54,24,9,35,57,54,47,1,63,20,44,36,56,15,40,37,5,30,11,4,29,32,16,14,51,16,41,15,5,6,36,11,43,59,29,50,10,21,47,19,35,35,11,31,19,40,19,48,62,46,23,12,59,58,26,48,7,58,12,47,32,46,13,3,12,9,52,26,1,58,60,46,12,35,38,17,4,9,7,16,62,0,4,30,22,1,17,47,7,21,9,40,61,57,16,35,0,12,57,35,38,19,32,0,32,1,55,31,16,49,11,14,22,7,11,19,33,6,3,0,1,2,1,2,63,17,49,8,17,7,11,42,28,15,0,42,4,20,36,10,9,24,13,52,42,40,58,14,43,25,49,56,10,35,4,40,16,12,55,54,32,7,1,42,20,2,11,18,59,35,48,1,4,53,43,4,0,5,25,32,11,22,8,15,1,35,11,4,10,50,22,39,53,22,56,8,26,16,50,16,34,0,44,52,40,59,36,33,7,49,49,14,25,6,28,3,61,50,58,35,11,60,31,18,46,63,16,37,16,36,42,27,5,59,19,52,17,12,50,26,2,2,41,0,29,55,9,26,25,52,18,6,26,43,1,13,44,32,13,56,56,16,37,56,24,16,20,21,17,47,44,35,53,39,57,29,37,63,61,42,17,0,9,33,27,24,19,12,45,32,9,26,40,5,19,10,29,19,13,17,47,6,8,27,7,14,11,26,12,40,25,5,7,16,8,56,6,32,18,15,23,26,33,8,29,23,20,1,35,5,18,36,53,58,16,7,32,18,32,51,2,60,12,39,31,8,4,43,2,7,37,7,15,23,38,16,49,56,11,20,5,31,24,54,32,4,19,32,16,10,17,20,48,30,37,50,37,1,21,32,15,18,38,6,38,11,35,26,25,21,45,6,56,24,24,21,43,61,52,60,48,43,17,7,19,49,6,32,9,41,5,11,3,63,7,51,25,6,32,29,17,2,29,11,3,56,60,20,13,45,16,18,4,32,11,20,55,35,40,10,56,0,56,46,0,52,53,3,14,16,11,49,42,50,53,63,2,55,16,1,15,11,40,2,13,36,53,22,11,12,4,50,16,31,7,27,19,50,3,52,51,6,6,51,25,33,9,31,56,40,25,26,19,9,32,5,7,19,33,48,12,21,49,43,1,27,41,9,53,53,16,18,51,36,9,36,4,30,5,3,9,16,17,6,34,61,16,9,7,36,52,34,19,12,20,22,27,48,60,40,21,21,12,20,18,23,10,19,37,4,43,0,46,34,63,49,61,32,15,18,56,4,7,3,10,21,43,20,12,45,24,40,31,34,15,38,19,31,12,56,22,56,59,31,58,48,14,50,49,11,8,22,3,29,55,59,60,25,27,52,9,24,61,26,16,47,16,16,56,35,17,3,58,43,11,46,58,7,0,23,59,16,25,26,14,18,5,44,52,19,52,10,27,40,26,11,28,19,1,56,38,63,24,4,17,35,45,9,63,34,33,19,18,14,3,51,24,1,24,0,31,61,56,1,22,35,43,40,0,44,26,63,3,24,25,35,51,13,11,4,0,34,35,14,46,28,9,35,4,49,9,18,38,5,57,45,19,48,52,46,54,3,28,14,18,40,27,0,33,45,59,13,9,11,6,31,5,31,16,8,57,1,22,37,27,3,50,14,57,13,33,18,59,54,31,28,46,5,54,38,9,20,12,9,30,53,6,53,24,12,14,62,52,34,8,18,0,52,3,7,62,25,42,38,10,40,53,57,44,23,17,17,15,20,0,3,63,46,22,7,8,26,18,3,44,4,39,52,63,1,3,0,39,15,0,35,47,16,0,37,2,19,55,21,7,32,16,52,31,7,39,35,14,1,2,42,1,0,1,34,57,58,42,8,11,16,6,4,29,22,60,20,54,47,15,49,8,36,8,2,63,49,1,53,34,45,38,3,11,45,5,33,27,31,27,62,33,40,12,5,49,36,11,0,21,51,55,29,29,4,32,12,26,2,15,57,40,53,33,50,26,3,45,1,28,39,0,23,11,37,2,50,34,3,62,56,56,61,25,61,58,32,61,19,18,4,14,20,18,11,14,35,20,57,51,18,24,4,15,3,0,25,25,58,14,29,20,16,12,21,20,50,9,22,43,0,5,44,6,26,26,20,34,46,11,43,7,54,19,37,45,20,51,28,23,30,9,45,37,53,24,7,58,27,19,29,5,1,27,19,58,43,18,8,56,38,9,7,13,33,8,40,38,51,21,3,5,30,27,35,34,9,38,5,7,35,60,33,18,0,46,32,43,0,5,11,20,40,11,50,51,54,17,19,34,16,11,15,12,0,6,27,60,50,10,7,43,58,47,17,26,36,33,27,47,12,4,19,45,44,38,50,3,55,21,4,6,6,46,53,0,0,29,19,3,56,14,12,20,49,26,48,35,55,12,54,34,60,40,19,38,14,2,9,11,33,21,13,31,23,4,43,59,25,32,21,3,17,1,9,8,12,41,32,3,32,11,19,35,0,42,60,5,53,12,25,12,4,17,4,35,17,62,33,12,45,5,34,27,5,38,46,33,36,23,57,12,47,25,14,9,5,55,26,46,40,41,51,21,19,52,43,47,58,29,45,10,51,25,32,19,53,7,60,15,40,63,7,58,12,7,17,45,35,54,18,36,40,2,4,57,16,58,37,53,0,23,3,43,33,48,0,58,5,7,16,8,58,43,8,22,19,15,11,1,39,41,37,4,4,27,9,61,12,6,5,34,57,15,23,61,8,3,26,17,51,16,31,15,49,12,5,47,29,35,56,15,3,46,3,6,40,12,58,26,19,36,2,38,37,7,3,10,44,43,57,13,62,39,7,15,44,46,14,40,10,19,12,54,15,62,8,61,23,13,6,32,6,55,44,6,43,2,35,1,47,5,28,4,61,20,25,46,19,50,7,24,41,6,9,18,18,16,54,7,29,16,10,35,27,40,14,35,8,20,47,11,35,52,25,40,21,16,15,58,33,9,50,0,51,6,8,28,14,44,3,4,4,5,50,53,39,25,32,20,41,52,61,43,63,34,0,53,45,32,17,24,19,56,15,6,52,4,28,33,60,49,18,41,21,48,52,8,13,9,63,32,21,25,26,50,32,62,2,36,3,40,58,7,1,0,26,4,33,11,5,5,52,42,45,40,19,21,58,50,57,46,10,51,4,10,25,14,56,26,9,26,11,7,16,53,21,10,29,37,51,49,18,3,30,5,47,27,63,0,26,38,33,8,52,50,21,0,38,9,6,5,18,19,34,62,32,20,63,52,8,49,9,11,41,0,13,38,43,9,42,7,29,42,39,44,7,22,17,12,54,8,37,16,15,35,51,59,60,14,24,16,34,0,51,61,52,25,23,14,28,42,14,57,16,63,6,10,30,7,16,17,61,20,16,59,7,27,30,47,29,3,0,23,53,1,7,57,22,48,55,4,0,54,17,38,9,19,42,41,11,9,31,40,2,30,55,49,14,4,11,6,42,2,35,47,13,11,25,1,17,51,27,62,24,2,4,30,28,26,1,17,3,18,15,5,35,55,49,34,47,34,3,52,57,63,14,62,29,6,57,50,34,53,48,42,30,40,1,29,50,1,0,35,41,7,50,2,43,58,29,47,9,19,52,50,15,23,21,61,40,1,51,3,22,48,40,5,49,57,45,30,0,14,28,43,21,45,4,32,40,49,19,14,50,52,12,56,27,14,10,7,0,8,33,14,36,32,59,35,55,35,9,9,8,57,25,31,0,0,31,51,30,54,27,34,49,58,24,17,54,48,61,32,50,3,12,22,12,12,33,1,1,45,53,35,49,1,39,4,51,27,9,5,20,12,6,9,39,43,63,45,45,5,16,32,26,20,18,7,53,7,11,60,24,46,45,47,15,50,42,28,27,1,7,50,12,47,23,33,19,6,5,36,16,5,52,60,59,16,13,5,28,24,3,34,42,46,51,23,61,5,5,16,37,35,20,32,59,59,21,4,42,41,56,22,11,62,55,17,43,38,23,41,2,40,40,14,55,40,12,60,8,54,22,15,27,62,42,58,6,25,37,27,26,49,37,39,45,9,34,42,51,43,29,19,30,46,16,41,17,9,7,21,3,15,26,9,4,43,60,3,20,35,52,63,34,32,3,27,60,40,34,11,28,18,1,24,9,42,40,37,57,27,43,15,0,54,36,0,43,56,15,46,39,44,2,26,60,11,20,9,8,43,32,11,27,15,57,27,26,8,11,35,17,27,56,48,41,22,22,4,34,10,47,8,16,15,37,6,15,43,3,4,51,4,9,4,55,17,41,21,40,42,19,6,55,1,37,6,15,58,52,19,58,2,12,9,62,57,45,4,19,9,21,1,63,51,19,21,5,44,38,2,31,17,12,58,55,12,6,54,40,7,5,2,51,21,34,20,8,51,5,30,11,17,63,11,38,18,22,59,1,55,47,18,10,21,26,20,32,33,13,45,55,24,40,5,36,1,9,43,44,29,41,56,4,15,37,58,21,32,18,58,35,51,30,0,21,22,38,27,25,35,9,3,23,38,38,16,40,19,41,51,8,0,27,37,33,4,59,10,49,8,20,6,1,3,24,25,44,7,8,12,33,32,60,30,30,8,11,39,40,12,57,58,22,18,0,59,2,0,34,1,43,13,4,60,12,3,2,41,39,61,4,3,7,27,24,0,7,40,58,40,22,43,15,14,8,55,29,6,46,21,7,50,54,57,0,12,57,23,45,53,11,41,5,7,36,1,1,43,34,62,15,2,2,35,3,32,28,35,57,59,54,7,26,2,1,57,20,22,21,50,2,55,4,20,6,6,16,43,38,21,2,6,3,25,12,5,60,38,23,0,10,15,13,4,35,42,8,62,16,1,52,9,31,4,51,39,8,11,33,20,18,0,20,52,43,1,30,58,10,13,18,43,15,33,8,43,24,8,11,31,33,10,39,32,53,12,0,14,30,46,47,31,1,18,17,42,40,45,23,1,7,1,19,34,5,14,6,51,26,52,7,50,24,26,60,39,32,43,55,45,52,28,51,35,63,34,44,59,8,23,31,2,61,15,8,15,37,33,38,18,57,33,63,57,29,19,55,59,63,58,29,62,16,29,30,42,35,9,32,46,9,31,44,7,56,33,36,1,18,7,61,55,1,17,54,25,49,24,46,52,31,27,33,6,42,43,18,62,7,40,14,29,16,37,33,27,18,9,9,4,18,14,43,29,46,20,5,38,52,16,9,40,10,37,29,14,52,61,36,33,7,0,30,55,4,39,21,17,52,35,40,43,3,36,37,42,55,12,30,18,43,19,6,35,8,35,58,50,53,39,59,3,6,40,38,33,55,60,21,31,7,46,28,17,12,22,3,2,8,37,39,5,19,43,17,13,38,11,7,30,15,9,58,58,26,28,11,50,19,27,21,51,9,5,38,54,4,55,43,4,46,31,15,45,9,46,12,20,10,32,40,31,57,16,34,4,41,6,32,7,38,8,32,14,25,15,53,23,39,1,63,63,43,38,17,2,35,5,16,5,35,2,2,6,39,59,48,41,8,31,32,26,7,55,63,9,17,51,1,46,6,35,60,30,31,12,10,12,49,29,14,21,25,14,10,4,19,43,19,23,45,26,41,28,59,14,29,8,26,46,42,33,19,20,5,37,0,1,20,24,8,9,28,61,5,49,56,16,52,22,36,9,38,63,52,35,13,8,47,0,16,5,6,31,9,24,23,15,5,56,13,14,9,63,44,3,13,1,8,8,38,26,3,32,24,40,50,42,43,54,26,26,60,47,13,40,6,9,5,19,63,29,52,18,46,12,14,24,15,57,53,0,0,34,59,26,20,47,50,18,59,12,19,12,13,52,0,45,9,18,5,57,40,30,14,26,18,5,19,54,20,39,43,51,7,17,38,51,8,58,0,4,34,22,14,36,50,53,32,22,16,32,44,50,11,18,42,34,60,17,39,43,47,45,36,17,17,34,33,19,3,56,25,20,42,42,48,4,12,20,3,13,58,19,2,9,57,18,17,54,36,45,19,56,38,60,49,37,27,24,16,42,27,26,12,18,0,45,33,59,46,26,16,0,25,0,37,2,53,39,56,34,1,42,3,12,2,53,35,3,17,33,24,46,27,26,29,63,56,8,47,4,28,36,38,12,0,52,26,2,41,4,60,22,43,13,35,35,14,23,9,51,28,32,61,43,39,40,43,46,26,51,35,59,16,37,63,24,3,47,0,60,51,33,8,21,16,62,38,18,36,9,14,34,8,39,53,54,25,22,31,49,55,57,11,49,8,21,22,47,10,18,61,23,9,0,8,6,9,41,35,16,0,54,18,26,63,29,37,9,46,53,20,5,33,41,3,32,26,63,12,10,61,24,57,39,21,38,17,32,15,3,37,18,5,26,26,3,61,28,29,2,58,43,63,0,46,1,22,27,39,34,2,9,3,25,35,31,17,45,26,54,4,14,51,13,24,3,2,49,16,19,2,17,27,52,49,37,7,8,47,61,47,2,39,37,25,1,13,3,51,5,35,16,16,41,43,3,49,9,21,34,62,18,12,47,41,56,14,14,47,45,40,30,41,24,60,12,21,32,45,1,19,43,32,47,18,27,58,57,34,45,8,33,45,4,5,7,33,40,10,17,61,14,56,4,26,26,26,26,48,8,17,28,31,17,6,29,63,23,56,51,18,43,24,49,51,37,19,20,58,9,42,5,27,24,22,60,10,4,46,35,36,9,25,43,40,51,0,41,32,26,8,17,38,7,17,17,5,3,17,27,5,13,14,46,31,42,8,25,3,9,32,0,43,11,21,10,45,7,35,45,59,55,9,46,24,26,38,59,38,35,5,2,39,3,30,55,63,34,58,51,1,57,58,38,23,41,11,5,15,47,48,27,32,49,21,2,43,52,0,63,56,50,33,2,28,52,46,14,3,59,63,14,27,58,56,12,8,41,31,17,27,18,16,41,53,48,2,13,59,1,56,25,9,60,43,59,5,7,37,43,59,55,7,1,2,16,22,27,14,20,45,15,40,12,54,53,1,16,10,50,15,26,36,4,36,3,16,12,23,57,43,5,37,7,29,43,44,35,60,55,0,39,53,6,26,28,43,40,18,15,27,15,35,51,50,59,45,46,51,29,26,5,26,56,13,2,31,46,46,42,45,24,11,7,33,0,19,50,12,14,37,9,49,7,3,25,20,6,6,40,0,20,32,58,34,25,60,47,35,52,46,0,26,51,12,8,14,8,1,7,35,16,27,1,9,43,1,57,10,24,19,27,23,6,15,52,6,45,7,51,52,39,12,45,9,34,52,0,1,37,0,38,2,22,49,27,16,53,8,14,58,61,41,44,26,45,60,16,36,12,20,42,8,59,35,49,43,6,5,14,4,18,16,26,7,51,5,8,8,32,41,49,5,48,23,10,2,34,62,26,15,8,8,17,53,12,55,37,3,20,6,25,17,42,11,4,11,17,23,48,52,34,0,9,35,12,0,13,54,39,63,48,5,62,58,41,35,28,43,50,18,29,8,50,21,59,1,9,3,54,10,53,38,40,13,1,61,21,18,0,8,61,18,1,30,31,3,8,62,38,0,19,16,40,53,51,6,11,9,44,14,56,5,22,53,36,30,60,54,40,62,40,25,9,58,33,54,51,3,33,14,24,53,6,21,25,26,18,13,45,27,46,1,44,9,26,48,29,16,29,2,42,3,38,61,3,59,28,7,35,26,16,1,3,5,53,14,21,48,35,50,62,44,40,56,56,0,57,51,1,54,32,19,0,4,34,4,32,28,0,19,40,9,14,8,49,8,20,50,42,22,27,25,30,19,49,29,22,42,23,18,44,58,30,26,46,2,17,48,8,10,53,11,37,6,16,32,0,32,36,42,4,39,35,32,18,6,26,24,3,34,2,0,11,40,25,36,24,1,59,52,47,11,16,16,9,4,39,60,57,11,3,14,21,56,28,7,33,63,21,0,31,52,18,57,52,42,16,22,43,51,51,29,51,6,42,44,25,22,4,16,51,8,32,21,16,50,4,14,27,13,21,30,39,53,36,27,49,11,12,59,37,34,22,1,38,8,3,61,3,1,31,51,31,40,46,18,60,26,1,52,34,9,15,11,2,15,12,9,59,2,10,9,29,48,56,24,53,63,11,33,9,41,17,14,23,10,19,7,40,9,42,26,38,34,16,61,44,45,48,18,15,3,41,43,36,63,43,37,30,56,54,62,44,40,51,51,19,3,32,56,57,47,25,39,54,39,19,14,51,44,40,55,23,28,50,39,47,24,32,44,52,31,41,38,3,29,33,49,55,20,4,52,12,12,29,1,20,13,2,47,1,3,1,37,32,11,41,7,12,16,21,3,13,21,14,17,0,25,1,56,56,10,16,1,18,3,49,5,26,51,19,61,14,33,52,41,51,11,58,16,15,14,38,61,19,44,6,24,5,17,42,16,56,38,19,18,20,49,24,33,3,2,7,14,37,50,11,39,13,59,50,29,52,48,19,14,50,15,37,16,45,45,49,17,42,11,50,35,30,11,32,16,34,4,61,12,1,12,49,32,33,32,9,7,31,5,31,59,3,5,12,7,6,4,3,60,43,12,4,37,11,21,19,5,21,43,1,28,11,17,35,29,62,24,1,20,58,34,32,57,34,2,1,49,0,24,59,21,4,19,23,27,27,50,8,18,50,22,29,24,1,17,52,17,58,8,59,42,22,48,44,8,58,54,9,1,39,9,29,7,52,46,17,45,59,5,32,0,22,2,51,16,41,40,40,31,12,4,59,24,8,12,60,53,34,28,63,52,31,41,13,50,9,58,19,22,34,63,29,39,59,28,36,22,45,7,7,55,17,9,8,2,38,28,14,20,12,17,31,12,31,4,17,21,24,51,45,3,44,24,32,9,46,9,44,53,7,23,16,27,26,8,45,62,61,8,45,13,54,27,2,16,23,31,32,9,37,17,49,49,14,45,12,18,50,29,47,2,4,27,30,31,5,18,1,18,49,9,13,59,6,59,6,23,15,45,1,35,11,45,38,32,49,42,25,11,6,3,15,16,24,1,53,55,22,24,4,59,0,27,52,9,38,37,14,55,31,53,24,18,23,26,9,33,13,38,28,23,1,22,28,22,43,16,21,38,43,38,9,31,56,28,15,9,56,26,60,16,53,45,40,7,23,48,11,40,31,11,16,18,50,43,53,52,7,56,40,38,42,50,33,42,61,26,22,1,45,58,11,4,29,46,6,34,10,17,45,28,11,1,0,9,12,47,9,33,20,62,24,1,20,8,3,54,57,4,41,40,39,48,38,14,51,0,51,55,12,38,6,29,2,23,8,43,50,8,32,16,11,43,8,20,37,16,37,2,43,17,6,63,18,10,52,27,58,10,11,5,43,0,11,18,50,32,14,57,1,6,35,12,42,3,6,40,29,12,17,11,58,4,21,50,22,1,39,48,44,40,62,15,19,39,25,17,11,3,37,49,1,44,3,20,24,29,20,21,38,51,23,13,1,63,42,5,25,9,40,1,52,17,11,21,1,45,27,63,39,0,2,55,6,24,27,3,53,27,14,38,40,16,15,61,21,35,14,3,19,45,28,38,22,59,32,42,0,49,33,59,25,61,19,11,37,14,35,22,49,51,42,24,28,52,49,55,61,52,17,33,63,40,14,42,43,35,35,18,2,51,28,3,12,13,31,32,49,30,0,40,63,11,10,56,11,7,15,25,32,55,21,52,62,7,21,58,50,33,56,5,22,6,9,60,6,39,34,3,17,6,0,42,2,18,45,34,18,28,12,45,39,0,19,6,0,31,41,26,16,10,5,28,6,0,57,32,43,42,4,53,25,32,47,28,40,19,39,6,63,21,3,40,31,16,4,34,27,24,12,12,0,8,38,51,35,1,12,27,28,56,10,28,25,10,62,22,14,21,12,1,60,49,41,14,9,33,14,48,13,22,9,37,32,28,34,1,17,57,7,35,53,39,24,46,37,32,8,20,8,28,46,14,19,26,24,5,17,20,6,14,26,48,61,40,4,5,32,19,18,12,31,51,38,18,53,25,47,19,57,52,41,34,17,2,33,53,32,35,4,40,50,8,4,34,13,33,5,27,28,15,43,20,9,14,56,14,19,38,54,46,5,19,54,21,17,33,52,33,33,1,26,4,59,37,56,49,6,39,29,6,6,32,51,27,48,14,16,59,62,25,61,23,17,16,60,26,1,18,14,54,16,39,28,50,52,5,20,45,37,39,1,26,8,25,6,42,59,6,52,33,1,35,31,17,16,38,0,20,50,16,48,5,19,38,52,14,56,33,53,3,43,55,49,63,26,18,26,34,33,26,8,49,9,27,6,35,19,19,51,9,51,32,32,12,34,21,20,32,17,3,1,26,34,22,14,25,40,62,42,16,11,62,25,30,16,57,43,26,12,14,46,60,16,3,2,33,55,36,50,53,47,2,12,45,4,19,50,58,9,2,43,10,34,24,50,63,17,20,51,9,54,18,9,2,21,41,8,40,5,54,32,26,55,45,7,12,17,9,9,3,62,28,59,3,52,7,15,11,6,9,52,62,59,17,52,7,2,3,39,58,34,4,35,10,3,33,39,50,16,52,53,54,3,3,35,50,43,5,35,53,6,41,62,4,31,19,8,0,20,39,34,19,28,0,0,14,23,40,38,30,14,2,7,22,26,9,3,12,18,21,25,37,47,41,18,49,25,3,13,42,28,6,42,28,60,25,17,58,1,51,1,7,4,3,23,58,8,9,11,13,7,15,33,40,36,33,18,24,1,27,8,60,36,23,42,10,51,42,19,54,32,23,40,32,63,18,61,33,17,53,5,59,40,6,56,0,0,2,38,8,58,10,27,35,24,43,24,51,42,23,3,57,34,28,16,12,33,34,20,43,34,25,49,2,63,2,51,29,42,46,50,57,25,13,32,24,6,19,40,17,61,31,2,7,19,25,15,43,46,25,45,11,5,5,4,20,19,37,24,38,20,51,60,59,45,62,33,55,12,56,47,15,34,50,0,7,1,56,28,1,43,58,54,15,43,9,12,38,43,47,4,40,63,58,38,17,62,33,18,2,43,7,22,23,3,50,4,41,52,20,26,13,45,32,38,41,44,21,4,12,5,62,53,59,16,39,11,7,63,37,5,9,40,48,31,61,8,61,5,33,28,9,35,21,20,39,43,47,51,34,25,16,1,5,4,44,14,10,13,29,28,23,59,9,8,16,41,2,13,29,46,25,63,10,6,5,32,37,2,61,55,21,25,30,57,2,36,60,12,11,19,12,62,20,40,31,38,14,40,7,26,51,45,42,35,21,50,60,33,51,0,4,29,7,12,53,12,39,50,52,34,26,37,0,41,61,32,31,4,10,31,57,18,8,26,30,60,33,50,20,11,16,35,45,10,46,44,13,12,8,34,45,0,60,45,62,1,38,22,26,35,18,21,16,4,29,0,25,35,8,30,7,40,18,51,14,43,62,0,7,11,51,53,3,11,41,19,19,38,45,26,43,2,4,29,3,33,0,51,59,18,1,14,22,59,7,60,25,55,3,7,6,34,46,61,24,63,51,49,25,2,37,63,8,33,49,47,18,18,12,33,43,57,11,33,28,11,23,16,24,40,17,35,56,43,50,17,25,32,6,49,21,28,54,31,53,19,5,4,43,47,30,28,12,35,26,3,12,18,33,14,13,56,28,42,1,32,19,14,3,49,1,14,40,4,22,34,35,1,3,21,3,19,32,33,45,58,0,10,40,24,17,2,12,48,47,35,57,40,23,49,37,37,2,19,54,37,20,49,29,19,6,42,43,11,40,56,27,1,27,37,17,6,56,56,35,13,1,24,9,35,11,43,40,40,16,19,22,4,5,58,38,0,6,45,37,58,50,54,13,23,8,32,14,25,8,53,43,42,19,24,61,33,58,16,30,38,4,43,6,28,20,50,39,11,26,4,21,40,45,28,0,56,43,37,7,16,5,24,32,35,54,44,19,56,21,7,32,47,6,45,60,25,37,24,40,24,23,26,18,1,9,23,41,1,14,0,3,36,13,40,32,36,20,5,16,0,45,51,14,33,13,13,62,40,33,12,22,9,5,48,14,5,46,26,48,23,33,30,19,14,16,6,20,21,58,9,51,41,20,3,1,32,33,57,11,35,32,37,32,22,9,30,19,8,46,12,63,16,29,15,61,3,55,0,14,21,21,32,12,8,7,43,34,17,38,7,16,26,40,4,38,57,4,55,11,38,24,31,56,40,61,42,55,27,41,42,13,48,29,12,56,0,11,4,1,18,25,63,62,21,33,45,6,12,3,20,26,9,5,8,38,55,18,46,0,4,1,10,63,5,55,34,41,22,44,61,17,39,18,15,24,29,53,1,9,14,46,16,17,2,59,8,5,11,23,35,12,34,14,4,45,40,51,17,28,27,50,8,32,50,58,56,39,34,49,36,45,33,16,28,36,63,33,5,56,61,9,51,19,34,4,16,63,42,8,10,34,50,21,18,48,18,18,27,31,26,43,44,13,1,19,28,36,59,11,4,8,33,22,59,49,24,61,0,9,14,43,44,9,26,35,49,24,19,3,35,3,23,61,36,18,56,50,19,59,44,4,43,55,9,38,17,9,0,29,3,9,56,4,44,40,3,32,24,3,6,47,3,3,8,4,35,59,26,60,53,44,9,4,43,49,25,37,25,15,40,59,5,47,7,60,53,9,45,24,28,2,7,40,40,17,37,8,9,38,22,4,24,50,61,5,43,56,34,14,35,14,26,10,59,4,25,1,46,31,13,13,13,47,61,35,6,18,50,15,19,46,11,40,0,59,8,8,31,24,49,37,12,17,33,52,15,21,37,8,25,54,19,38,43,28,46,11,21,34,33,57,22,61,41,62,40,26,12,3,34,18,31,57,3,18,25,20,47,45,26,31,22,37,48,63,56,17,1,36,62,23,51,7,30,12,18,50,6,55,21,20,19,32,29,59,52,33,24,8,22,29,19,11,23,23,25,4,23,54,49,39,35,31,19,8,5,45,59,7,14,23,4,60,51,63,54,33,60,9,18,43,58,2,2,50,49,12,54,11,50,22,48,1,33,59,52,31,31,38,36,42,8,32,25,5,32,12,10,47,31,21,24,20,42,38,56,11,14,50,22,37,55,35,35,11,23,27,61,12,23,2,44,33,12,6,4,48,29,60,15,13,7,11,17,8,4,0,55,59,19,28,11,23,60,12,21,26,50,22,47,45,4,40,43,3,39,27,22,1,32,33,14,11,43,19,61,25,24,53,12,56,17,1,15,49,5,14,19,19,42,24,29,28,10,27,3,32,37,46,8,29,42,40,60,8,48,57,50,29,14,55,4,29,14,56,40,51,32,24,24,7,2,25,50,16,23,39,16,37,28,19,7,15,2,11,35,8,60,38,29,6,3,37,6,11,11,22,49,59,9,22,22,41,50,18,4,20,62,11,29,48,2,39,20,0,53,12,4,22,38,3,1,15,29,7,21,27,37,46,11,26,20,34,6,45,8,44,11,45,19,40,28,28,24,51,50,33,50,37,43,28,12,3,55,8,10,23,52,20,56,17,23,46,4,29,63,63,9,61,48,46,10,6,44,24,22,39,30,41,12,7,48,49,16,60,56,5,1,47,59,49,16,0,41,11,31,6,4,19,17,14,63,27,49,17,62,50,53,61,8,52,27,9,19,43,48,19,14,60,12,20,46,45,32,12,11,13,23,63,31,53,12,32,38,20,20,13,10,39,38,52,26,3,2,2,18,21,21,29,51,31,8,34,5,25,10,19,15,4,5,36,12,8,40,60,32,0,59,6,3,51,24,46,11,17,9,22,6,14,22,49,43,31,3,43,3,62,37,53,32,58,43,33,36,18,22,22,32,23,56,56,12,12,46,7,32,16,0,18,38,42,63,12,43,59,9,24,59,38,51,9,29,24,53,24,19,42,41,22,35,57,38,52,4,16,61,47,53,48,44,4,45,57,45,35,35,42,12,29,51,26,7,39,19,39,18,34,17,12,23,3,29,11,0,22,53,32,32,5,60,54,16,9,46,33,13,9,58,23,1,42,34,47,49,53,37,51,38,39,53,45,40,51,5,49,49,49,26,7,59,53,11,1,20,9,12,61,18,18,45,63,54,39,7,52,1,10,55,50,46,19,5,17,26,34,41,17,54,43,19,20,8,57,32,13,2,39,37,9,39,9,34,5,63,60,55,39,51,35,63,15,12,1,3,17,40,58,53,1,37,11,47,17,5,50,8,22,13,12,5,54,23,39,63,30,44,0,47,45,48,11,26,35,29,43,26,12,15,61,52,19,9,18,19,7,12,58,27,24,5,6,1,12,14,58,32,8,24,61,45,50,62,54,32,4,35,14,50,33,25,48,21,60,7,1,40,9,34,11,7,48,0,5,48,0,17,1,1,1,24,58,2,49,51,10,18,32,8,44,42,39,27,43,63,43,34,58,0,3,49,50,3,1,43,51,40,41,41,8,33,4,11,37,27,20,16,35,6,17,16,12,51,3,29,50,62,38,16,11,50,12,27,40,48,26,61,28,11,6,19,19,40,34,6,47,3,0,32,42,39,43,0,40,28,16,38,24,54,19,1,50,31,0,57,58,3,53,32,1,23,1,18,34,43,45,14,25,0,51,13,52,25,43,55,27,55,10,38,50,27,43,54,63,1,1,43,51,41,1,14,31,14,19,3,0,51,53,51,52,31,28,13,31,59,58,17,26,0,23,55,12,15,8,44,58,42,7,40,48,57,26,21,55,50,31,25,53,56,5,27,31,14,61,34,37,43,10,53,37,19,11,29,8,12,1,20,61,17,5,25,63,7,19,49,15,24,9,19,0,5,3,52,27,49,52,27,3,6,32,24,30,59,63,49,47,7,1,42,28,31,3,30,1,34,16,28,46,15,63,53,37,34,19,40,1,0,2,28,51,5,1,55,49,4,11,26,21,15,52,52,19,3,24,48,35,9,50,24,3,14,19,60,31,22,4,26,56,26,23,31,6,7,17,29,8,3,34,28,6,22,34,5,58,39,49,38,26,8,52,47,27,47,6,17,15,42,3,51,26,2,9,36,37,6,1,5,8,35,49,55,14,8,52,8,25,25,43,11,24,61,57,1,46,38,43,5,5,1,25,50,15,16,11,58,16,16,11,0,29,9,42,8,2,20,2,25,6,46,18,20,40,12,10,32,14,37,19,62,32,24,32,25,21,42,25,24,21,12,35,12,61,17,7,19,28,4,25,38,8,8,58,0,63,51,31,44,16,27,51,53,58,40,35,55,4,3,0,4,56,26,26,23,52,29,0,52,62,21,33,44,10,0,48,49,61,12,0,5,11,32,3,17,61,1,12,43,2,53,8,1,49,5,48,4,37,45,49,49,25,7,63,61,15,36,16,0,25,48,42,42,34,9,4,30,10,6,43,33,48,14,50,8,3,18,51,39,5,46,2,25,48,28,31,37,18,17,24,63,1,24,20,44,23,16,22,62,50,61,26,40,0,31,10,34,29,1,43,47,26,30,23,52,36,15,15,0,6,31,43,15,5,57,45,14,46,57,61,1,40,0,48,18,43,44,0,6,26,12,39,3,42,3,27,48,13,4,25,3,7,35,16,32,26,24,27,17,40,16,28,60,43,24,22,60,36,56,13,16,49,15,9,10,32,27,6,7,15,4,3,43,2,40,13,44,40,33,8,14,15,38,35,15,51,19,3,24,38,29,34,19,7,7,39,7,6,28,57,32,13,19,20,9,9,32,8,1,43,13,25,16,59,13,4,59,24,57,46,2,9,21,3,11,50,21,9,57,15,3,51,14,34,22,47,32,44,36,59,2,0,42,37,2,12,40,51,47,2,1,51,3,28,39,28,2,57,43,54,6,49,35,14,19,24,7,19,10,8,0,47,28,9,28,5,51,15,8,23,35,52,38,61,42,19,40,39,3,12,58,39,6,39,14,46,1,4,45,1,15,33,25,10,26,24,5,49,7,32,32,25,20,40,51,36,58,50,5,15,12,32,6,1,0,45,17,2,62,18,46,1,37,27,24,34,29,62,48,46,33,17,25,10,47,35,31,52,4,23,19,45,30,16,31,33,52,63,22,3,55,16,6,15,11,51,6,22,6,48,47,3,33,12,10,23,0,7,46,49,24,33,31,37,4,58,2,46,40,4,0,1,12,50,14,12,12,5,58,37,34,59,18,44,25,15,63,54,32,6,14,33,29,24,24,46,32,0,41,9,4,16,26,63,19,0,7,39,20,9,3,21,56,6,35,43,14,6,41,18,42,10,51,54,22,9,63,3,37,20,30,18,43,18,5,22,7,28,51,32,38,39,63,20,59,17,47,45,2,14,40,37,13,1,32,3,16,28,47,58,20,15,37,51,30,8,27,8,35,59,29,3,11,24,51,28,31,31,24,59,12,42,42,32,9,31,50,48,59,35,33,4,49,52,55,9,40,23,8,44,27,42,58,43,4,56,58,12,33,15,38,21,16,50,41,33,2,62,8,6,17,7,15,43,13,16,28,33,7,2,37,9,8,32,31,32,55,30,51,23,26,59,34,22,1,17,34,21,40,42,1,35,58,49,53,17,59,49,3,21,26,59,61,4,52,60,7,51,33,46,27,18,9,9,23,41,63,21,62,21,9,8,8,46,41,28,2,19,31,26,5,2,29,12,54,26,5,45,22,8,47,35,13,44,14,21,29,8,62,44,35,11,24,29,27,50,7,6,25,61,50,38,6,32,35,61,16,26,6,9,32,51,19,0,40,2,12,60,27,11,14,2,1,35,13,5,14,15,24,23,47,11,5,19,35,17,34,49,32,1,35,28,0,45,23,9,3,56,51,44,5,32,15,21,52,12,57,35,45,24,51,42,22,49,43,35,37,14,13,39,13,35,1,25,33,4,41,18,21,38,19,14,27,52,61,35,0,15,19,33,12,16,20,13,61,15,6,4,41,44,45,3,5,32,2,0,59,16,15,7,38,25,0,9,40,27,35,34,51,47,4,39,63,22,7,19,4,1,9,35,54,3,35,0,51,3,46,50,29,2,28,24,26,14,55,44,57,50,51,27,16,14,43,28,18,37,59,35,23,19,60,18,12,12,0,12,52,48,19,13,2,17,4,48,32,40,21,5,0,57,42,40,36,56,33,34,56,1,10,61,24,48,18,43,49,63,35,56,62,19,11,13,40,6,7,28,3,38,29,50,35,50,48,49,60,61,15,45,44,2,46,46,14,1,50,61,29,19,22,7,58,20,21,29,36,21,20,60,52,63,27,50,63,22,15,26,12,17,10,49,8,57,9,6,13,34,17,45,19,2,28,5,39,2,30,18,28,55,9,28,41,5,15,57,45,0,24,7,45,46,44,59,20,5,19,20,15,17,32,61,37,34,20,63,54,54,18,20,25,22,39,63,60,63,55,7,55,18,26,26,42,23,36,24,18,8,15,61,57,0,22,43,16,41,0,25,26,52,23,56,20,15,29,12,0,46,35,17,11,10,16,34,22,3,1,21,45,12,54,57,47,63,62,16,42,51,30,17,20,33,30,52,19,35,50,61,2,0,3,53,3,9,30,51,11,39,14,30,28,63,0,1,53,26,7,1,51,4,42,28,44,54,43,26,2,19,30,43,57,55,21,54,16,50,28,43,16,33,60,56,63,44,0,25,5,45,30,40,18,22,46,22,0,38,43,47,30,45,36,51,0,3,26,12,38,11,0,29,12,27,14,8,35,36,36,4,25,35,3,2,27,9,19,63,31,3,18,60,8,42,61,37,31,12,21,53,42,24,1,61,7,9,52,41,40,22,40,15,33,8,39,3,11,56,20,61,53,34,9,34,38,21,11,62,17,1,12,12,32,5,11,35,51,27,8,4,38,32,59,3,19,6,44,60,5,33,11,31,42,28,36,12,14,47,45,13,23,37,49,61,23,5,1,38,56,3,12,14,28,17,34,16,1,37,0,10,17,9,25,2,52,2,1,46,25,5,24,49,24,43,37,31,4,9,43,0,51,46,17,40,33,9,60,38,17,25,63,45,24,27,11,3,57,11,60,1,24,24,30,51,14,26,19,45,21,59,52,63,40,8,19,22,9,20,34,57,40,59,43,13,2,7,16,8,49,50,51,12,21,47,56,27,55,17,27,16,58,5,55,3,8,24,44,35,16,61,48,18,20,63,33,32,12,2,11,8,47,31,32,8,42,56,43,7,42,32,46,56,58,11,29,54,37,23,51,50,6,50,6,37,59,13,33,0,3,17,58,40,63,20,19,39,38,36,20,63,58,10,52,42,8,26,4,53,49,29,19,16,40,4,37,5,62,31,62,26,53,18,48,56,40,3,0,10,32,12,15,6,5,1,38,22,26,0,19,42,52,20,26,39,46,57,8,1,10,49,46,41,43,48,9,6,4,1,18,41,15,45,9,11,15,56,36,19,27,27,18,2,1,50,0,10,3,18,54,19,32,9,24,45,40,37,35,4,6,5,27,14,43,1,9,59,38,62,1,22,56,3,39,26,50,4,4,33,39,57,31,63,19,6,0,37,55,63,33,15,61,17,0,1,7,59,32,1,32,14,35,32,35,13,42,0,21,9,37,1,0,42,44,1,19,35,18,56,51,35,40,49,18,12,6,16,50,56,13,62,52,17,5,59,25,43,19,5,17,34,4,20,4,43,31,4,63,59,29,48,24,14,40,30,12,35,29,18,15,14,3,5,0,43,26,12,16,36,48,3,48,17,45,43,8,19,49,34,42,9,46,26,40,13,14,28,7,36,52,6,4,11,38,38,4,4,32,42,42,38,23,6,1,55,51,16,32,50,23,5,22,51,56,0,63,7,12,40,4,12,9,7,16,16,47,9,13,11,22,39,5,16,59,42,43,24,58,1,7,42,11,18,9,9,26,4,33,52,21,27,38,52,11,22,12,56,55,14,24,1,8,49,51,59,43,50,5,22,4,1,8,21,1,7,40,48,41,16,40,43,10,33,7,3,3,31,19,37,6,49,41,45,7,28,59,33,25,3,20,8,31,49,32,27,17,0,14,15,44,6,38,29,59,4,0,14,56,18,10,53,8,20,17,28,0,36,48,59,23,29,22,37,11,28,15,50,6,55,23,16,51,1,3,16,17,2,37,23,33,44,11,51,48,18,62,1,49,53,33,18,54,62,3,43,36,60,10,38,8,33,46,14,20,3,47,19,0,9,43,47,29,32,3,37,39,51,40,33,52,53,52,30,2,1,4,10,6,43,15,17,24,59,17,34,15,40,5,12,20,0,30,14,34,1,9,41,22,40,8,35,10,58,26,17,14,11,7,59,52,58,21,53,63,29,39,22,54,16,24,2,19,6,7,62,36,2,12,47,1,16,40,5,29,4,63,43,20,20,56,8,59,45,49,19,25,18,10,9,24,43,37,3,23,53,52,1,3,24,5,17,17,30,5,24,37,34,6,7,20,12,8,22,18,7,8,37,1,29,1,53,53,12,27,10,11,11,45,33,57,37,32,9,60,16,20,16,43,3,21,58,37,33,12,43,16,14,34,56,41,24,53,16,2,8,26,47,8,19,29,7,20,17,48,21,45,2,3,2,53,54,9,12,41,10,3,14,46,39,24,36,0,60,24,43,9,5,11,30,30,33,45,5,7,53,2,5,17,45,63,1,11,61,52,40,27,42,17,27,29,0,41,51,25,9,63,1,11,55,52,60,53,8,16,3,61,50,4,14,50,54,0,41,50,28,28,28,35,23,56,19,22,53,53,51,34,45,7,29,11,45,16,24,32,15,11,22,40,0,8,36,10,32,21,37,16,7,13,4,53,3,52,42,12,52,4,44,47,28,63,7,40,1,18,54,15,15,22,16,27,49,26,26,45,44,35,9,14,32,7,0,4,43,37,8,5,27,16,6,31,61,0,23,11,15,18,36,52,2,7,44,51,22,3,27,23,20,17,21,30,34,3,17,4,28,32,8,4,17,17,1,21,16,8,10,44,2,40,16,14,24,63,4,32,37,40,61,31,54,4,55,8,18,45,6,31,10,58,33,19,37,2,50,13,18,47,40,21,52,13,62,26,5,3,12,33,50,51,16,34,58,17,3,5,41,19,38,8,48,39,12,45,14,5,26,32,27,12,55,58,2,24,14,17,39,8,33,9,61,6,42,2,32,37,2,62,30,26,58,12,32,9,47,52,41,50,18,56,40,18,1,22,34,63,21,43,9,49,6,2,9,17,53,12,23,36,63,14,33,13,2,28,51,16,53,50,14,12,28,33,2,34,27,46,45,46,32,44,22,12,15,1,60,7,29,26,18,31,27,1,5,28,55,40,26,4,24,6,49,1,15,51,45,53,17,6,16,16,45,16,3,16,9,19,22,20,36,33,41,49,21,0,24,21,36,52,12,32,7,22,11,3,1,0,37,52,24,7,8,43,31,30,38,21,12,40,39,13,40,18,25,2,5,38,18,9,1,22,32,14,50,24,48,44,29,28,58,26,12,57,34,24,33,49,20,8,24,38,19,3,50,63,49,53,57,7,5,63,13,51,34,18,11,41,16,13,20,21,29,47,45,42,9,22,16,43,8,1,63,18,3,3,8,0,18,53,32,43,57,10,4,45,20,1,22,2,56,20,52,22,8,50,4,50,43,20,21,35,4,28,3,51,33,30,14,32,58,16,42,6,52,14,28,6,16,27,60,3,34,19,49,41,37,41,28,57,39,28,4,26,6,29,24,2,8,8,16,18,9,28,61,43,33,11,2,27,15,51,33,52,49,33,26,56,1,23,46,43,39,21,58,32,40,0,7,24,5,32,16,49,25,24,14,39,32,33,59,28,37,18,12,13,2,14,8,48,22,1,42,0,33,31,61,63,21,26,59,15,1,26,25,51,19,18,19,38,37,8,2,19,28,39,0,40,59,27,29,29,33,36,50,58,60,19,16,4,56,17,0,28,50,8,56,26,1,4,24,59,60,36,8,17,27,37,39,13,35,53,55,24,28,5,19,16,34,1,21,6,55,4,47,16,55,21,37,29,33,61,27,3,5,2,18,30,10,31,14,27,33,7,42,2,63,3,31,38,20,46,40,36,0,20,21,49,13,12,5,9,3,22,15,51,40,6,19,9,27,9,9,21,45,27,15,2,46,52,7,30,12,55,38,42,4,1,25,22,1,10,14,23,3,22,12,28,16,56,4,52,3,30,2,23,40,56,3,28,52,16,22,41,27,16,56,35,13,48,55,25,24,19,18,12,12,16,7,22,17,45,13,2,63,19,11,35,2,57,43,21,17,63,4,37,21,35,60,26,25,63,17,47,57,13,3,35,5,28,25,40,55,24,57,6,18,27,7,20,45,21,16,16,53,4,38,1,9,24,23,22,13,1,56,61,34,36,21,50,23,11,32,19,58,18,38,32,59,46,62,3,14,7,2,43,14,57,17,60,57,30,5,46,5,26,16,5,4,25,24,1,27,18,16,57,57,53,37,54,25,37,11,20,35,14,34,24,53,6,14,25,27,36,48,38,40,25,59,9,0,34,61,33,15,12,4,2,58,35,12,1,9,56,31,14,4,51,58,32,32,13,7,9,38,8,22,5,17,11,56,9,11,48,27,8,28,29,57,31,57,45,0,46,5,26,31,44,1,61,13,19,14,37,15,5,61,0,52,6,5,47,56,7,25,52,23,45,3,1,16,21,32,28,2,14,60,10,42,33,1,5,51,43,60,38,20,32,45,56,32,57,52,12,1,22,0,38,59,53,0,56,0,26,38,53,13,0,19,26,5,2,0,32,56,48,53,59,0,52,29,29,18,37,30,58,51,45,9,7,22,56,54,26,55,22,8,49,6,51,17,2,8,63,18,3,24,48,11,45,8,24,32,40,15,2,32,4,15,24,8,26,18,45,8,47,50,17,39,28,53,12,23,12,6,1,6,4,26,63,55,48,19,1,55,1,21,37,0,33,9,31,17,34,18,51,55,11,47,43,19,10,17,27,33,0,15,55,10,46,1,60,37,10,26,20,17,50,27,33,13,30,9,3,26,18,7,3,1,6,41,33,48,16,58,43,28,35,0,4,61,5,48,18,11,8,3,2,17,9,14,0,16,55,17,20,36,36,45,19,50,15,62,35,14,8,46,54,2,12,12,22,18,12,22,41,0,32,8,3,58,38,7,32,38,45,25,19,39,0,58,43,4,62,23,28,1,11,25,0,61,3,42,0,14,1,12,4,16,12,32,5,57,26,22,58,13,14,59,1,63,44,18,33,56,51,35,59,8,2,42,63,49,0,8,1,18,51,15,2,31,35,7,40,7,12,28,15,46,49,24,63,2,24,45,57,16,12,32,3,19,44,20,4,38,19,12,28,60,27,24,5,47,57,3,30,1,19,45,33,57,18,35,37,16,7,10,3,43,50,39,32,5,31,7,62,33,60,43,63,19,43,42,22,17,37,3,18,13,4,3,12,4,57,11,1,26,28,23,55,53,9,37,53,55,25,4,62,6,26,12,33,38,40,36,21,57,29,40,53,35,39,40,51,35,47,53,28,44,15,27,1,34,35,33,8,0,43,10,4,6,42,18,25,4,56,17,23,11,58,16,55,7,8,33,17,35,60,29,9,1,51,1,9,33,32,4,52,52,25,40,21,13,54,38,48,5,13,58,22,52,36,27,20,7,24,4,35,60,24,44,19,20,26,14,40,1,27,6,57,34,36,21,3,19,36,35,19,1,41,27,14,62,3,31,11,9,59,38,18,16,1,11,32,63,56,15,16,16,28,50,56,52,45,46,8,6,51,3,23,14,13,32,20,35,7,1,7,41,52,31,26,18,24,6,21,40,11,12,48,7,56,37,10,37,23,59,17,8,7,18,29,7,42,32,48,4,29,25,1,56,2,3,4,12,7,14,22,24,8,8,5,41,20,1,8,52,62,47,48,54,23,17,12,4,24,30,10,1,18,0,17,7,5,40,35,55,31,27,41,46,34,3,28,59,29,28,50,43,5,1,16,51,1,35,62,42,57,52,55,1,35,19,31,19,62,19,60,47,32,58,26,0,33,43,17,49,44,29,45,50,9,35,62,30,45,5,47,60,8,5,3,42,9,40,6,30,24,41,35,30,5,11,29,4,30,9,9,47,43,59,9,40,20,35,46,52,31,43,16,59,11,14,13,50,20,12,10,46,63,4,19,36,14,5,22,4,33,27,53,48,3,17,47,42,37,41,37,6,15,59,53,11,43,61,16,35,15,34,12,6,1,34,24,27,29,30,2,39,19,3,50,34,3,43,3,3,14,28,20,18,33,3,52,23,3,4,57,47,49,24,44,23,1,24,10,20,32,3,18,24,33,51,17,5,1,58,6,28,0,20,40,3,10,12,7,25,63,34,8,50,5,29,40,61,54,52,30,0,52,10,0,29,54,43,9,19,24,7,0,25,32,2,5,48,23,35,53,16,31,31,5,47,14,57,63,12,49,46,54,23,39,63,26,4,15,30,57,24,23,52,8,35,5,16,23,10,43,52,8,8,12,35,26,11,1,13,17,10,0,16,33,45,32,3,8,24,40,51,6,41,32,13,19,60,10,58,15,31,19,37,19,2,27,8,47,4,16,20,57,42,60,28,0,35,47,35,2,54,6,0,15,30,16,49,20,15,39,19,15,17,12,11,32,56,35,15,38,59,36,59,5,59,40,58,2,24,39,8,16,35,0,45,6,13,41,18,30,0,60,45,49,38,33,61,42,1,0,48,0,21,9,17,33,18,32,4,15,16,59,10,29,34,42,3,16,20,5,36,43,32,51,51,56,10,3,55,13,54,6,11,24,44,10,41,11,57,8,60,16,51,6,47,20,22,40,5,11,58,14,20,57,34,11,28,17,19,22,24,3,8,43,22,12,1,35,10,56,28,11,38,12,60,11,21,2,36,32,12,16,60,19,13,53,18,50,19,39,11,46,57,28,6,31,60,42,9,33,42,30,51,20,36,12,14,59,16,21,34,40,52,15,26,34,60,13,20,0,1,1,55,37,3,9,39,48,12,22,2,9,2,32,30,16,32,28,43,1,25,15,28,17,2,34,41,20,46,36,51,45,20,26,51,7,35,2,40,33,29,28,0,3,26,18,13,38,24,4,10,35,61,16,4,0,25,35,50,21,59,7,0,7,0,31,20,18,56,6,15,47,50,56,48,30,16,1,34,13,0,16,18,9,53,61,6,2,50,31,32,12,47,63,19,39,30,27,51,46,63,33,48,52,25,9,8,45,26,12,9,18,6,7,32,36,20,25,20,49,19,29,39,3,12,43,37,18,53,27,47,41,26,42,12,31,6,57,3,2,31,42,39,45,24,48,42,40,27,40,12,22,19,45,16,38,47,33,26,0,17,12,35,16,28,56,3,5,49,8,60,53,19,61,58,21,40,25,54,22,59,14,16,32,19,21,25,27,62,55,37,15,24,33,2,57,16,10,50,53,12,54,11,0,24,15,29,16,2,6,42,8,22,15,40,4,40,48,9,15,38,16,26,1,33,42,18,56,10,9,34,50,12,5,4,59,50,38,61,35,17,41,43,1,40,36,6,13,56,16,58,20,59,18,50,14,27,4,57,12,26,57,27,3,17,5,12,33,0,0,4,51,16,31,46,15,28,2,23,56,52,15,61,37,9,4,39,43,26,22,26,1,25,7,1,40,8,18,62,0,45,32,8,39,14,16,12,5,47,9,39,3,32,12,27,48,5,46,5,22,35,60,15,21,16,18,4,15,38,23,34,28,62,2,10,7,30,26,30,2,15,17,5,6,54,22,19,51,1,6,40,61,27,0,19,48,35,8,55,12,44,7,7,6,41,51,37,23,15,8,63,13,17,4,8,1,1,31,12,0,34,62,15,9,11,28,50,8,45,40,43,40,31,1,26,18,49,36,16,1,8,43,25,31,19,42,17,50,2,44,38,25,51,32,38,0,38,15,27,63,18,14,1,27,5,12,14,6,4,0,63,56,12,4,58,55,57,2,17,16,6,33,13,22,14,33,57,6,2,24,16,46,52,38,45,44,9,28,62,33,58,45,15,38,39,12,15,62,13,26,32,37,19,57,5,0,1,17,23,57,18,34,60,47,23,0,37,54,63,16,17,28,57,32,30,31,1,26,5,47,1,24,13,48,59,16,0,1,11,44,18,26,49,19,4,52,25,45,17,33,21,28,47,5,15,43,16,40,31,41,34,11,4,50,11,51,9,6,39,56,29,18,22,45,3,48,27,36,60,12,19,27,11,16,54,7,29,39,56,8,26,28,47,13,50,31,21,28,36,16,29,62,2,16,49,11,57,44,36,4,18,63,35,2,58,1,33,27,21,40,7,14,44,37,3,29,16,3,4,14,36,28,19,32,56,0,22,2,0,10,11,26,14,43,40,41,19,50,35,11,15,12,3,8,13,35,4,40,28,58,61,0,55,49,58,20,23,24,50,14,59,59,1,60,11,39,25,1,32,13,34,20,16,40,28,54,36,62,25,57,2,24,25,45,1,2,19,2,52,0,44,33,53,10,17,50,13,37,12,61,28,26,3,44,36,58,18,53,12,19,0,6,7,11,11,11,16,4,32,53,52,53,28,6,13,50,40,56,9,50,7,3,6,63,49,22,54,26,28,6,6,26,4,42,2,45,14,61,56,5,13,0,29,12,34,45,31,3,51,60,8,29,53,27,21,5,20,16,9,30,14,24,30,52,31,6,12,2,26,18,7,12,57,38,27,19,1,7,50,12,57,16,2,40,61,61,37,17,35,47,33,38,61,10,3,17,25,39,17,49,4,59,28,58,6,16,5,32,17,4,18,5,27,24,54,17,20,49,27,0,32,46,17,1,23,30,39,49,30,42,48,8,59,34,45,8,10,24,63,25,62,0,11,8,29,9,27,34,61,41,28,45,11,43,21,40,34,13,26,40,42,41,7,14,29,1,1,14,20,46,36,23,19,6,12,59,9,49,4,42,41,47,23,24,29,20,0,40,18,4,28,18,53,34,28,39,30,11,3,0,46,60,51,33,45,46,31,29,16,14,26,13,11,16,60,5,12,40,15,11,1,24,59,18,0,49,33,27,37,19,47,52,56,29,0,58,34,15,4,19,26,49,52,7,10,34,52,23,12,49,9,13,37,57,37,15,51,14,61,29,31,11,30,8,40,44,61,6,33,2,27,13,24,19,18,21,16,55,1,38,3,35,20,33,38,30,24,4,42,56,1,35,0,12,0,44,7,50,11,26,15,62,36,42,2,47,25,18,2,7,7,63,11,42,16,57,15,41,52,1,4,1,48,31,38,17,16,52,21,31,36,16,14,26,39,12,47,26,4,32,58,28,37,13,0,43,23,33,53,31,44,61,63,6,28,29,29,2,32,3,12,27,57,19,43,43,22,7,20,56,11,2,9,5,9,32,32,32,28,45,13,24,22,8,12,5,57,52,24,63,46,43,44,14,8,0,26,37,19,34,61,27,30,25,53,18,16,18,2,48,9,28,38,12,45,25,35,24,0,7,43,12,52,16,19,17,1,47,59,18,17,26,18,24,60,29,11,17,2,40,38,25,57,16,19,25,3,14,52,53,21,12,57,34,5,47,48,58,0,21,59,30,52,24,30,61,45,36,37,26,52,42,1,18,52,9,14,24,56,20,17,21,5,26,43,16,62,23,0,6,0,21,12,54,11,63,41,40,40,2,4,19,16,1,2,26,16,32,20,14,50,8,25,26,44,8,0,14,17,39,26,40,31,3,46,37,49,51,56,42,12,14,6,20,35,20,22,26,34,0,58,37,25,60,51,0,51,55,1,53,17,59,62,18,4,11,6,53,0,55,4,35,32,59,27,5,13,11,17,19,0,57,0,27,9,12,45,22,41,49,6,59,3,49,4,40,23,13,11,15,14,5,22,33,32,24,23,25,35,40,10,16,22,11,55,24,4,22,24,61,18,13,27,49,16,11,56,53,38,29,17,9,20,59,62,43,47,45,33,18,8,57,39,31,3,8,37,5,35,4,19,6,59,29,38,3,1,3,48,9,2,37,26,40,54,33,37,44,4,9,50,28,22,34,52,22,23,19,60,35,9,37,58,60,34,54,27,27,34,61,7,45,32,8,53,10,62,7,13,33,42,33,16,29,30,43,46,11,19,53,1,24,34,59,55,38,24,4,50,56,1,25,26,3,35,36,3,37,16,56,56,57,36,24,35,61,46,45,9,4,47,56,24,28,8,8,14,11,52,18,19,24,14,54,62,17,63,6,53,54,54,28,1,5,5,56,23,12,21,63,15,18,56,56,5,38,17,41,13,35,3,56,15,29,27,11,5,4,3,25,18,30,10,50,12,13,50,40,11,53,5,16,37,14,4,46,21,12,43,28,52,16,48,27,31,62,58,43,6,38,28,18,14,22,15,1,7,6,42,52,17,11,38,33,8,17,61,37,27,26,29,19,17,9,22,21,0,57,17,3,14,32,49,45,35,18,38,8,9,12,45,56,16,14,11,28,16,31,28,38,56,51,16,11,29,19,9,27,30,8,51,13,9,15,24,30,3,7,43,0,2,5,0,35,2,16,47,37,34,19,29,19,17,34,53,27,3,25,35,19,50,10,28,62,12,14,8,34,12,48,28,1,54,16,26,3,48,9,28,26,0,3,1,63,6,28,11,50,31,13,27,40,53,15,38,54,16,53,45,22,57,27,0,21,16,5,7,36,8,5,47,36,8,5,3,1,15,25,5,20,62,16,55,20,43,31,42,11,35,28,18,55,4,25,23,43,17,10,59,7,45,21,22,53,61,26,38,16,58,47,40,4,33,6,10,50,60,16,61,34,6,28,56,47,56,33,33,11,43,40,4,24,63,54,49,34,37,37,31,23,14,3,27,45,28,3,18,26,33,8,17,61,8,13,16,46,46,5,15,26,58,59,45,52,3,21,48,32,29,5,5,17,32,28,9,59,32,19,42,37,28,5,30,28,17,0,60,54,0,60,1,15,26,15,35,58,12,59,17,8,8,55,6,61,20,24,18,1,7,29,59,10,43,3,14,28,11,1,5,3,11,22,52,39,21,52,1,10,9,8,52,52,43,20,3,8,41,58,54,31,42,26,22,32,13,1,38,22,55,13,36,63,9,7,5,40,63,6,4,56,41,12,4,21,3,10,32,34,12,43,34,16,26,39,49,59,7,58,48,33,22,19,61,45,28,19,10,47,55,33,15,5,40,8,4,23,15,52,33,50,26,29,6,29,31,26,22,32,53,59,14,5,46,37,32,11,39,34,48,62,0,49,28,47,21,26,16,63,6,49,35,11,53,4,50,56,41,6,51,6,37,40,0,44,25,57,4,10,12,23,0,50,40,33,31,63,11,9,51,28,47,14,22,57,15,54,48,8,46,0,15,5,51,28,8,22,21,35,33,15,34,11,62,2,0,26,20,49,9,10,7,62,51,14,19,18,8,44,38,4,13,59,49,63,7,45,37,0,2,44,1,43,59,7,0,14,0,60,4,24,61,11,50,8,15,29,42,59,55,12,27,44,28,2,16,13,6,43,12,18,27,24,28,2,52,34,46,58,36,33,15,18,42,28,24,34,23,49,59,27,24,53,34,9,43,4,63,3,24,9,22,40,45,38,62,3,36,12,27,12,62,20,48,12,50,37,17,17,37,41,19,2,52,40,14,12,24,47,47,12,28,42,16,29,11,13,32,47,19,28,15,51,21,55,11,51,53,41,26,51,53,0,12,7,8,54,28,22,31,61,33,12,22,58,5,0,24,19,21,5,15,37,5,47,49,28,11,26,33,23,45,35,6,31,40,42,9,58,8,25,21,52,5,28,6,53,4,12,12,9,25,37,35,35,0,51,26,57,12,17,9,26,3,27,16,0,3,45,6,1,48,16,23,13,7,0,17,4,23,54,28,26,21,18,56,42,14,6,6,59,47,6,13,18,58,53,21,18,38,12,10,4,1,47,40,40,25,1,32,15,34,0,42,45,52,38,56,18,42,46,57,34,4,46,13,14,59,19,22,3,0,20,35,26,59,26,33,34,43,18,30,10,35,4,18,34,9,7,36,40,4,28,55,0,16,9,24,25,16,30,29,43,42,17,14,4,8,52,2,20,30,35,0,22,45,36,51,56,52,17,47,16,37,40,2,48,12,43,14,24,61,14,52,15,41,40,49,55,26,10,57,29,35,0,4,20,43,31,58,55,28,14,33,32,16,32,8,33,46,44,52,16,13,13,0,31,50,21,53,17,17,8,0,3,52,8,29,17,61,11,9,34,5,16,45,50,16,18,0,37,5,18,8,53,60,34,37,20,24,10,49,43,47,23,23,47,50,26,15,19,36,57,32,58,15,47,32,19,56,22,33,12,11,9,9,44,25,27,15,40,37,11,51,3,20,6,26,0,14,26,14,60,39,34,16,1,58,24,19,43,4,43,54,31,18,9,7,21,19,62,8,29,53,11,42,9,61,16,11,38,7,3,41,9,13,16,9,22,1,61,39,58,7,50,13,27,27,24,62,40,35,20,25,13,30,42,5,27,11,56,24,24,36,7,22,45,50,20,63,43,41,60,18,50,43,37,3,19,55,62,57,8,18,16,24,24,37,32,17,2,28,38,7,8,31,49,39,58,0,42,4,1,11,13,13,45,4,2,37,11,2,18,28,15,26,40,27,3,16,5,61,35,23,25,4,4,9,31,39,50,43,26,32,30,25,38,47,18,39,45,7,38,24,40,49,8,36,48,6,6,3,33,31,35,3,33,59,6,4,47,34,17,24,55,11,19,11,8,58,17,24,1,15,23,61,14,44,22,17,14,0,39,1,48,17,58,63,11,19,19,43,38,1,35,15,51,12,49,52,11,3,47,55,42,8,51,22,27,48,10,24,6,17,51,11,56,56,44,29,34,28,15,0,22,52,39,34,12,4,18,6,58,48,24,61,62,4,15,52,17,35,17,2,34,7,51,18,4,8,49,29,22,3,59,16,38,3,2,43,54,41,42,38,40,1,27,26,36,16,24,8,43,22,9,43,45,5,39,19,16,23,46,18,19,40,50,8,41,2,42,37,26,4,3,33,11,33,26,3,25,18,9,8,47,32,15,42,59,43,9,57,44,61,45,1,8,24,40,17,19,55,22,42,16,51,22,53,5,27,16,2,56,45,27,61,37,20,47,30,16,19,9,0,38,58,28,35,39,33,1,36,26,62,2,29,38,24,33,12,42,57,46,1,54,61,53,29,58,61,12,9,5,50,25,53,19,7,5,48,7,22,54,52,17,9,15,1,0,44,53,9,57,28,36,26,51,9,4,37,16,15,49,39,5,38,12,25,10,50,11,3,3,2,61,16,18,34,18,63,53,12,57,53,51,39,20,12,1,57,5,51,19,21,59,17,8,8,60,55,11,1,17,3,62,56,32,39,11,17,8,1,11,42,12,2,42,24,55,41,45,53,37,13,16,53,37,37,47,8,40,55,35,63,26,15,41,14,2,35,62,22,62,45,56,6,12,4,12,43,17,9,0,13,51,57,36,10,4,44,5,0,12,9,62,18,28,55,4,63,61,9,2,58,27,19,35,2,18,28,42,22,61,36,44,18,0,5,38,18,16,15,5,24,1,54,4,33,53,24,8,46,45,45,16,17,41,14,8,2,1,10,8,58,58,32,57,52,39,60,63,37,38,37,1,6,3,1,22,15,36,36,0,13,33,18,58,35,52,25,0,49,9,29,56,6,17,25,43,0,46,24,2,22,15,24,15,50,4,29,25,41,24,63,54,39,12,45,23,50,49,4,2,29,27,52,28,61,6,10,40,27,61,12,26,22,40,1,9,4,13,46,38,0,18,60,25,52,39,20,14,12,34,7,49,61,51,58,23,3,45,9,22,5,21,33,16,36,26,11,24,41,45,1,13,59,44,27,40,12,12,57,41,30,37,3,3,19,7,28,30,42,7,56,4,1,59,46,50,20,52,43,5,11,56,53,7,17,29,33,0,56,26,46,16,18,6,20,22,41,20,61,15,48,63,59,31,24,19,40,10,40,59,40,14,26,37,23,43,26,43,35,26,11,58,8,1,19,1,2,11,31,1,23,22,61,52,16,16,27,1,58,35,7,35,6,1,19,49,17,42,55,50,62,42,4,41,60,60,32,30,0,23,59,48,11,38,43,9,17,60,59,19,34,46,37,39,46,39,0,24,20,12,1,55,0,17,60,58,49,50,52,26,12,33,55,1,16,3,46,31,37,40,52,13,58,0,37,25,50,50,27,44,55,6,60,17,18,35,31,56,13,50,51,24,39,9,37,60,29,6,19,0,16,0,14,0,51,54,8,51,1,57,3,20,39,48,43,6,30,3,3,53,52,7,43,55,31,51,16,40,53,36,20,25,36,49,29,57,9,62,39,5,52,21,58,32,49,25,3,46,58,0,8,6,22,57,21,38,21,61,54,61,18,38,47,45,58,49,18,7,0,37,9,57,28,0,21,9,52,6,50,32,42,51,4,5,8,36,35,4,36,55,2,27,37,43,0,40,36,17,31,30,9,24,5,27,6,49,46,36,24,59,35,40,37,13,60,3,1,48,37,60,8,40,40,19,32,58,26,56,6,22,26,52,11,15,40,19,20,6,57,33,52,32,22,54,20,19,3,31,9,52,5,19,32,32,33,59,38,40,12,32,30,59,37,30,17,36,63,46,3,33,53,20,5,32,15,58,13,12,1,22,21,26,37,14,6,1,56,17,55,49,15,25,32,22,7,4,49,4,0,45,20,34,56,29,47,22,45,40,34,17,14,2,5,24,12,33,39,4,51,25,54,15,26,52,46,7,33,63,57,0,24,11,15,50,46,13,22,43,31,20,30,11,26,44,23,23,4,44,24,51,16,55,26,59,0,42,29,24,1,63,15,20,9,38,55,46,58,42,32,2,22,1,28,15,6,4,58,5,11,14,32,31,22,4,55,51,53,26,28,39,56,41,29,36,46,22,37,52,11,1,18,40,17,39,44,40,1,34,60,26,56,32,25,15,2,34,17,40,61,22,9,8,16,7,3,29,25,32,32,11,12,20,56,57,38,15,27,0,55,47,60,37,60,57,4,62,44,39,40,1,26,56,19,36,18,40,0,45,8,29,6,38,8,52,17,59,9,27,5,25,36,36,28,12,12,4,37,10,46,8,12,25,4,50,53,6,42,7,54,56,51,37,39,33,5,14,12,35,8,27,49,16,37,24,3,4,3,61,24,12,16,19,43,38,15,31,13,16,0,10,27,15,0,57,12,44,25,45,19,21,8,18,33,45,55,26,51,28,33,17,4,3,12,35,42,46,18,5,45,24,11,48,43,57,14,38,3,19,19,60,59,53,18,9,33,40,27,1,7,61,49,20,14,16,32,38,27,41,40,4,17,56,23,25,59,16,4,27,5,1,5,26,32,45,4,17,11,50,30,61,8,17,12,7,63,45,0,16,56,40,5,38,40,55,23,56,57,5,4,40,50,9,0,49,6,2,37,36,46,1,59,60,5,53,57,7,2,53,18,36,23,12,28,27,8,53,24,34,44,32,12,28,25,0,13,18,63,49,17,47,21,15,1,57,5,25,52,2,57,51,25,57,24,33,10,24,37,0,33,34,27,32,28,23,7,42,12,16,53,19,54,45,22,31,32,43,36,17,34,60,11,61,49,10,9,9,15,57,56,32,61,17,24,7,17,32,39,16,4,45,51,6,3,33,33,33,33,9,53,1,17,37,30,29,26,7,36,33,14,44,56,6,40,3,42,53,15,9,12,63,0,61,56,55,16,6,63,44,11,39,56,37,49,51,43,17,11,32,12,23,7,43,9,40,50,17,46,4,7,4,6,3,2,43,57,23,56,39,20,33,8,4,27,31,48,37,53,24,42,59,12,26,19,40,11,52,4,20,6,31,8,48,26,34,30,12,51,33,4,11,4,23,26,34,9,57,12,1,29,13,9,46,9,9,14,37,42,53,40,45,40,5,13,22,56,9,8,4,19,27,0,16,48,4,19,52,61,21,35,14,62,48,33,20,42,49,45,32,39,62,4,0,26,12,32,51,10,43,2,9,52,33,36,19,9,10,50,17,33,25,41,14,60,2,10,31,26,49,34,39,1,32,12,19,9,35,59,43,35,12,17,1,52,2,46,1,19,11,18,29,7,58,24,50,13,44,62,4,62,8,24,21,46,20,26,21,45,61,29,24,50,16,47,12,55,3,61,12,2,4,3,16,28,38,5,37,56,36,26,31,22,58,35,39,44,35,58,3,44,8,12,49,1,62,16,38,0,10,51,21,59,57,11,63,7,9,37,59,12,11,43,43,22,22,58,55,0,15,20,20,41,44,32,1,1,48,3,10,16,1,0,46,47,27,5,1,50,54,57,12,32,50,44,36,53,29,22,34,56,7,7,37,2,63,40,6,26,5,19,54,50,17,55,51,15,15,7,25,4,9,63,50,24,46,11,8,21,1,1,16,23,59,63,62,17,4,6,28,5,24,16,7,60,34,16,32,1,43,37,37,5,25,23,40,15,13,17,9,13,28,16,3,56,50,8,24,1,5,40,28,32,49,8,49,17,1,45,52,38,47,1,23,44,10,47,38,51,21,18,35,50,18,54,40,24,27,49,10,39,46,50,22,54,26,24,49,28,2,38,52,1,1,24,49,27,4,16,18,4,16,35,48,4,16,5,9,20,33,38,46,3,43,56,36,14,54,19,13,35,19,50,14,37,16,50,19,56,61,3,33,14,8,3,26,25,57,52,0,59,15,11,54,9,61,9,33,8,46,12,5,36,56,8,45,47,56,14,60,19,24,22,5,16,31,33,24,58,0,33,32,33,57,23,47,55,16,7,22,45,11,9,1,24,61,42,25,40,28,22,18,16,49,55,52,55,10,17,48,10,16,4,28,26,1,40,55,47,42,43,35,8,12,57,39,28,7,39,12,11,35,35,44,58,45,35,40,52,0,37,55,53,35,35,42,8,44,15,16,23,2,16,26,5,9,0,38,23,7,12,19,18,23,22,18,8,9,37,22,44,60,1,56,25,11,38,25,21,52,62,50,38,52,12,43,24,33,8,1,16,5,49,62,24,40,32,9,49,4,43,52,57,15,36,7,9,9,52,26,10,43,48,42,22,1,19,41,34,32,28,0,20,15,16,10,8,25,4,7,22,5,3,5,35,62,26,3,0,61,53,57,14,5,20,11,4,31,24,19,39,41,63,49,16,12,15,3,35,29,58,9,5,26,5,42,19,54,4,9,24,0,41,40,55,38,25,0,56,33,36,45,14,26,61,10,2,40,34,11,45,33,61,42,38,4,16,46,51,15,22,36,0,48,39,43,7,26,24,31,25,26,55,51,35,23,16,53,1,27,57,50,53,53,21,7,33,52,61,14,51,56,43,51,27,18,33,8,34,23,4,14,18,9,56,59,37,35,17,55,52,12,34,24,8,52,54,13,2,24,17,51,63,19,13,3,44,11,1,47,38,45,22,40,6,59,0,51,53,32,43,17,19,32,59,34,52,12,18,50,21,4,29,35,12,20,40,8,36,8,4,43,21,16,56,57,26,8,35,7,30,37,0,52,30,59,23,41,56,15,22,7,53,28,63,9,9,43,53,8,63,59,52,62,43,1,38,34,0,27,10,9,19,28,6,27,9,29,38,59,4,48,37,31,16,21,10,10,48,32,15,11,54,29,26,53,8,37,6,9,42,24,33,33,6,60,37,4,0,48,11,23,48,14,30,33,47,32,53,61,4,34,15,35,15,8,31,31,46,38,17,48,16,24,16,2,11,32,9,25,3
